京九线开通超短波铺架通信网,1995-04-01,1995-04
先“添柴”  慢“烧火”,1995-04-01,1995-04
罗牛山二十万只蛋鸡场投产,1995-04-01,1995-04
金乡二十五万亩大蒜丰收在望,1995-04-01,1995-04
农大师生坝上扶贫,1995-04-01,1995-04
１９９５年４月１日,1995-04-01,1995-04
大西北通讯实现历史性跨越,1995-04-01,1995-04
我国全面清理非农建设闲置土地,1995-04-01,1995-04
《小平您好》大型摄影画册出版,1995-04-01,1995-04
无锡县１０年上交国家财政３４亿,1995-04-01,1995-04
蒙城靠粮棉牛富民强县,1995-04-01,1995-04
浦东，最值得纪念的是什么？,1995-04-01,1995-04
北京音乐厅缘何『火爆』？,1995-04-01,1995-04
法文《人民日报》摆上巴黎报亭,1995-04-01,1995-04
五百千伏合成绝缘子挂网运行,1995-04-01,1995-04
中以合作发展彩色排版系统,1995-04-01,1995-04
要求限期提高国债期货交易保证金,1995-04-01,1995-04
珠海西区加强为内陆服务,1995-04-01,1995-04
越是开放越要加强动植物检疫,1995-04-01,1995-04
『东方红三号』卫星理赔结束,1995-04-01,1995-04
仙桃市经济增长质量效益双提高,1995-04-01,1995-04
台前建设『粮食银行』,1995-04-01,1995-04
财政部与建设银行签署委托代理协议,1995-04-01,1995-04
踏上轻骑不下鞍,1995-04-01,1995-04
锲而不舍探索国有企业改革,1995-04-01,1995-04
不进则退,1995-04-01,1995-04
美国系统软件公司开拓中国市场,1995-04-01,1995-04
喜看征途有新人,1995-04-01,1995-04
光纤数字同步传输网络在泉州建成,1995-04-01,1995-04
邵武车务段安全行车一千天,1995-04-01,1995-04
农发行正式委托农行代理政策性业务,1995-04-01,1995-04
白云机场塔台管制获评比第一,1995-04-01,1995-04
哈市郊区整顿百余后进村支部,1995-04-01,1995-04
四平市委有效治理经济薄弱村,1995-04-01,1995-04
首都纪念澳门基本法颁布两周年,1995-04-01,1995-04
历史巨片《鸦片战争》座谈会在京举行,1995-04-01,1995-04
工会要积极参与,1995-04-01,1995-04
民族地区经济起飞的关键,1995-04-01,1995-04
综合信息,1995-04-01,1995-04
京城“的士”“亚古都”,1995-04-01,1995-04
造福于民,1995-04-01,1995-04
加强海峡两岸广告交流管理,1995-04-01,1995-04
卡洛斯国王和王后访问陕西,1995-04-01,1995-04
瓦房店发生有毒棚膜坑农事件,1995-04-01,1995-04
吴邦国会见卡塔尔客人,1995-04-01,1995-04
北京中日新闻事业促进会成立,1995-04-01,1995-04
海协复函台湾海基会,1995-04-01,1995-04
人工繁殖滇金丝猴成功,1995-04-01,1995-04
“中国长寿之王”龚来发逝世,1995-04-01,1995-04
“妻贤夫祸少”,1995-04-01,1995-04
金冠西瓜隆冬栽  阳春三月甜京城,1995-04-01,1995-04
奉节发现世界之最天坑地缝鬼斧神工,1995-04-01,1995-04
哈铁局『铁嫂』助夫保安全,1995-04-01,1995-04
为勇士壮行,1995-04-01,1995-04
西藏积极落实人才引进计划八百名毕业生自愿赴藏工作,1995-04-01,1995-04
长城天汇开展软件开发合作,1995-04-01,1995-04
棉花施药机械开发项目招标揭晓,1995-04-01,1995-04
“邢码”中外文输入系统问世,1995-04-01,1995-04
辽宁推出电视片《战争与和平》,1995-04-01,1995-04
第４７届国际宇航大会将在京举办,1995-04-01,1995-04
去年中国出现大范围反常气候,1995-04-01,1995-04
坚决查处各种侵权行为,1995-04-01,1995-04
福州大力整治城区内河污染,1995-04-01,1995-04
加快科技经济一体化,1995-04-01,1995-04
京城百万居民大扫除,1995-04-01,1995-04
联合国将继续在索发挥作用,1995-04-01,1995-04
德联邦银行宣布降息,1995-04-01,1995-04
中美洲７国签署社会一体化协议,1995-04-01,1995-04
绿色和平组织指责美日扩散核技术,1995-04-01,1995-04
布总统总理表示致力于和平,1995-04-01,1995-04
李肇星赴海地参加维和使命移交仪式,1995-04-01,1995-04
中国主张建立和平稳定公正合理国际新秩序,1995-04-01,1995-04
俄希望进入“亚太经济空间”,1995-04-01,1995-04
秘厄军队开始后撤,1995-04-01,1995-04
罗马尼亚一客机坠毁,1995-04-01,1995-04
拉脱维亚总统会见钱其琛,1995-04-01,1995-04
墨西哥南方农民重返家园,1995-04-01,1995-04
寻求在中国的成功之道,1995-04-01,1995-04
让友好之树根深叶茂,1995-04-01,1995-04
法国工交系统总罢工,1995-04-01,1995-04
卡扎菲重申拒绝交出两嫌疑者,1995-04-01,1995-04
一名荷兰军人在波黑被炸死,1995-04-01,1995-04
黎真主党一领导人被以色列飞机炸死,1995-04-01,1995-04
耕耘不止  奋斗不息,1995-04-01,1995-04
“犀牛姑娘”,1995-04-01,1995-04
老习俗———嗅鼻烟,1995-04-01,1995-04
摩泽情思（德国）,1995-04-01,1995-04
重塑王宫古迹风貌,1995-04-01,1995-04
旧核潜艇新用途,1995-04-01,1995-04
中国队首战负于印度队,1995-04-01,1995-04
八一女排勇夺亚洲俱乐部冠军,1995-04-01,1995-04
富士通杯世界围棋赛首轮对阵排定,1995-04-01,1995-04
巴蜀大地盼春归,1995-04-01,1995-04
泰森表示将重返拳坛,1995-04-01,1995-04
我国首次承办世界田径大赛,1995-04-01,1995-04
得失利弊细思量,1995-04-01,1995-04
『京铁杯』全国职工体育征文开始,1995-04-01,1995-04
北京广岛摩托车友好赛将在京举行,1995-04-01,1995-04
你的良知在哪里？,1995-04-01,1995-04
心中要有一杆秤,1995-04-01,1995-04
张友生的“产销术”,1995-04-01,1995-04
中国核电新蓝图,1995-04-01,1995-04
广告汽车驰入首都“窗口”,1995-04-01,1995-04
’９５北京国际家用电器展览会开幕,1995-04-01,1995-04
京城旧货新去处,1995-04-01,1995-04
建议生产新型信封,1995-04-01,1995-04
打工归来书满箱,1995-04-01,1995-04
虎豹花园的文化,1995-04-01,1995-04
瓜菜贴上了商标,1995-04-01,1995-04
华夏又涌读书潮,1995-04-01,1995-04
家长教育行为对孩子影响大,1995-04-01,1995-04
“３Ａ”“５Ａ”大厦是什么建筑？,1995-04-01,1995-04
海南：香喷喷是农家饭,1995-04-01,1995-04
深圳渴望文化大师,1995-04-01,1995-04
白等于干净吗,1995-04-01,1995-04
家庭也有经济学,1995-04-01,1995-04
集成电路要『集成』『条块分割』要不得,1995-04-01,1995-04
备忘录（漫画）,1995-04-01,1995-04
科技论文该使点劲了,1995-04-01,1995-04
线装书是否还有魅力？,1995-04-01,1995-04
刘天华音乐会寄深情,1995-04-01,1995-04
《神曲插图集》包罗广阔,1995-04-01,1995-04
《旱鸭子下海》一肚子酸甜苦辣,1995-04-01,1995-04
韩美林艺术上电视,1995-04-01,1995-04
双语儿童报问世,1995-04-01,1995-04
开发幼儿智商的作品,1995-04-01,1995-04
情在徽标,1995-04-01,1995-04
新产品·新技术,1995-04-01,1995-04
国际管乐艺术节将举行,1995-04-01,1995-04
观众是判官,1995-04-01,1995-04
“八只眼”新翻杨柳枝,1995-04-01,1995-04
天地一瞬,1995-04-01,1995-04
安徒生，遥望着中国,1995-04-01,1995-04
北京地区天气预报,1995-04-02,1995-04
中央领导同志在京郊参加义务植树活动,1995-04-02,1995-04
向模范自治州迈进,1995-04-02,1995-04
福建今年增建８处自然保护区,1995-04-02,1995-04
让农民满意,1995-04-02,1995-04
首都二百万军民参加全民义务植树,1995-04-02,1995-04
容声无氟节能冰箱通过评定,1995-04-02,1995-04
铁五局新运处创架梁新纪录,1995-04-02,1995-04
济南形成对外开放新格局,1995-04-02,1995-04
陕西对外贸易再夺丰收,1995-04-02,1995-04
民族地区团结进步的基石,1995-04-02,1995-04
大型催化裂解联合装置投产,1995-04-02,1995-04
“天鹅”招标,1995-04-02,1995-04
莱州建成石材机械生产基地,1995-04-02,1995-04
真经和真功,1995-04-02,1995-04
赵县建成梨果冷藏储存基地,1995-04-02,1995-04
尉氏县超额完成棉花备播面积,1995-04-02,1995-04
全州县大力发展水电事业,1995-04-02,1995-04
大型纺丝级聚酯切片生产线投产,1995-04-02,1995-04
太湖水公司规模小效益大,1995-04-02,1995-04
我国当前粮食生产形势及建议,1995-04-02,1995-04
抓住机遇加快改革开放步伐,1995-04-02,1995-04
衡阳遏制农民负担『反弹』,1995-04-02,1995-04
江铜让利扶持化肥生产,1995-04-02,1995-04
陕西工行增加农业投入,1995-04-02,1995-04
省委书记著书论党风建设,1995-04-02,1995-04
外界扶助与激发内在活力,1995-04-02,1995-04
淄博市一大批妇女干部脱颖而出,1995-04-02,1995-04
首批全国『青年文明号』命名授牌,1995-04-02,1995-04
车祸在“双拥模范城”发生后,1995-04-02,1995-04
“红包”在第９８医院得到遏制,1995-04-02,1995-04
高邮女干部托起『半边天』,1995-04-02,1995-04
濮阳广开妇女干部资源,1995-04-02,1995-04
张店乡女青年晚婚晚育好处多,1995-04-02,1995-04
秦皇岛国税局抵制『人情税』,1995-04-02,1995-04
江西向世妇会赠《中国母亲》一书,1995-04-02,1995-04
我国核地质战线四十年贡献卓著,1995-04-02,1995-04
梦从实干圆,1995-04-02,1995-04
基本法问答比赛在港举行,1995-04-02,1995-04
海南开展“共筑热血丰碑”活动,1995-04-02,1995-04
必须正视日本侵华这段历史,1995-04-02,1995-04
第六届电影『童牛奖』在杭揭晓,1995-04-02,1995-04
第二届中国民歌大赛决出名次,1995-04-02,1995-04
海峡两岸银行签订业务代理协议,1995-04-02,1995-04
西班牙国王和王后结束访华,1995-04-02,1995-04
一代地质大师黄汲清逝世,1995-04-02,1995-04
大连：银行支付养老金,1995-04-02,1995-04
第四届海南国际椰子节开幕,1995-04-02,1995-04
『三国演义』纪念币发行海外,1995-04-02,1995-04
外事简讯,1995-04-02,1995-04
偶像的变迁,1995-04-02,1995-04
《破坏性地震应急条例》四月一日施行,1995-04-02,1995-04
风  波,1995-04-02,1995-04
《中国古籍善本书目》编纂完成,1995-04-02,1995-04
中医治肝病有新招（医疗与保健）,1995-04-02,1995-04
湖南人口出生率降幅全国第一,1995-04-02,1995-04
希望汉字系统服务『金企工程』,1995-04-02,1995-04
北京农业工程大学为农服务,1995-04-02,1995-04
贵州设『科技兴农人才奖』,1995-04-02,1995-04
中国北极科学考察队抵纽约,1995-04-02,1995-04
国产Ｂ超彩阶显示仪问世,1995-04-02,1995-04
《小学生营养与食谱》出版,1995-04-02,1995-04
海信大屏幕彩电通过专家评审,1995-04-02,1995-04
海地维和使命移交,1995-04-02,1995-04
中拉两国关系有新发展,1995-04-02,1995-04
坦桑尼亚关闭坦布边境,1995-04-02,1995-04
毛里求斯：印度洋上的明珠,1995-04-02,1995-04
联合国特派团接管海地治安,1995-04-02,1995-04
危地马拉和平进程取得进展,1995-04-02,1995-04
法语国家决定向布隆迪派遣使团,1995-04-02,1995-04
黎真主党武装炮击以北部,1995-04-02,1995-04
非洲５国愿调解洛克比危机,1995-04-02,1995-04
驻前南维和部队一分为三,1995-04-02,1995-04
叶利钦表示俄将推动黎以谈判,1995-04-02,1995-04
美军飞机入侵朝鲜领空,1995-04-02,1995-04
俄攻占车臣武装最后据点,1995-04-02,1995-04
克军总长遇险  英国蓝盔救命,1995-04-02,1995-04
比利时企业破产数继续增加,1995-04-02,1995-04
古巴向中国专家授勋,1995-04-02,1995-04
电影艺术１００年,1995-04-02,1995-04
美公布贸易壁垒国家名单,1995-04-02,1995-04
日欧达成出口汽车协议,1995-04-02,1995-04
美日汽车谈判下周恢复,1995-04-02,1995-04
道—琼斯指数回落,1995-04-02,1995-04
也门决定实行经济改革,1995-04-02,1995-04
寒流袭击阿尔巴尼亚,1995-04-02,1995-04
法军战斗机连续失事,1995-04-02,1995-04
李约瑟博士葬礼在英举行,1995-04-02,1995-04
人民币市场汇价,1995-04-02,1995-04
『特基拉震荡』的冲击,1995-04-02,1995-04
全球哪个国家最冷？,1995-04-02,1995-04
智青年志愿者奔赴贫困地区,1995-04-02,1995-04
中美洲首脑会议闭幕,1995-04-02,1995-04
美元在欧跌破纪录,1995-04-02,1995-04
南非发现不明飞行物,1995-04-02,1995-04
火星可能存在地下水,1995-04-02,1995-04
南极出现最大臭氧洞,1995-04-02,1995-04
日本发生强烈地震,1995-04-02,1995-04
巴蜀大地盼春归,1995-04-02,1995-04
———又在踢（漫画）,1995-04-02,1995-04
第八届世界围棋锦标赛开始,1995-04-02,1995-04
戴维斯杯网球赛中国队二比○领先,1995-04-02,1995-04
过来人回首过来路,1995-04-02,1995-04
第三届全国工人运动会将于明年９月举行,1995-04-02,1995-04
中国武术代表团抵日,1995-04-02,1995-04
力促武术列入下届亚运会比赛,1995-04-02,1995-04
全国技巧锦标赛在福州举行,1995-04-02,1995-04
香港实业家赞助中国乒协,1995-04-02,1995-04
北京地区天气预报,1995-04-03,1995-04
『赵光腚』的后代，富了,1995-04-03,1995-04
上海注重提高经济增长质量与效益,1995-04-03,1995-04
集中精力抓农业巩固经济实力,1995-04-03,1995-04
天津『三区』外向型经济发展快,1995-04-03,1995-04
蓼兰又兴土杂肥,1995-04-03,1995-04
四川免收农资运输过桥费,1995-04-03,1995-04
专家的奉献,1995-04-03,1995-04
铜山农业产值达到３０亿元,1995-04-03,1995-04
粤北旅游热线配套成龙,1995-04-03,1995-04
鄂建亚洲最大无线寻呼网,1995-04-03,1995-04
南昌开通智能卡公用电话,1995-04-03,1995-04
“金元宝”与“麸皮糕”,1995-04-03,1995-04
晋城市乡镇企业反哺农业,1995-04-03,1995-04
创中国丝绸名牌,1995-04-03,1995-04
把庄稼种到长城脚,1995-04-03,1995-04
北京首家食品高科技企业投产,1995-04-03,1995-04
第四届北京国际博览会即将举行,1995-04-03,1995-04
宁波开发区加快基础设施建设,1995-04-03,1995-04
神龙轿车项目进展顺利,1995-04-03,1995-04
春耕农资缺口大价格涨势猛,1995-04-03,1995-04
四川加大实施名牌战略力度,1995-04-03,1995-04
全国海关严打出口骗退税,1995-04-03,1995-04
湖南建成一家大型啤酒合资企业,1995-04-03,1995-04
重视名牌效应,1995-04-03,1995-04
菱花集团靠人才求发展,1995-04-03,1995-04
桥头市场推行规范化管理,1995-04-03,1995-04
本溪市政府拨巨款保『菜篮子』,1995-04-03,1995-04
民航公布优质服务单位“排行榜”,1995-04-03,1995-04
骑车百里追教授,1995-04-03,1995-04
天津汽车公司在北京设窗口,1995-04-03,1995-04
公安部为罗永周李侦华记二等功,1995-04-03,1995-04
赤诚爱党心,1995-04-03,1995-04
新泰五千余党员干部交农友帮致富,1995-04-03,1995-04
悲欢离合总关情,1995-04-03,1995-04
去年军转干部安置顺利,1995-04-03,1995-04
天津体院北２０名离休老干部坚持８年学马列,1995-04-03,1995-04
长白山有个“刘慧芳”,1995-04-03,1995-04
深圳市民悼念因执法献身三烈士,1995-04-03,1995-04
中加专家“会诊”淮河,1995-04-03,1995-04
忙碌的“打井村”,1995-04-03,1995-04
土能生金,1995-04-03,1995-04
上海风采摄影展在香港开幕,1995-04-03,1995-04
程乐萍画展在京举办,1995-04-03,1995-04
大型电视片《环渤海前奏曲》拍竣,1995-04-03,1995-04
全国职工美术书法摄影展览开幕,1995-04-03,1995-04
深化教育改革  振兴苏北经济,1995-04-03,1995-04
让精神生活丰富起来,1995-04-03,1995-04
《解放日报》将在香港发行经济版,1995-04-03,1995-04
正军职以上干部学《邓选》轮训班开学,1995-04-03,1995-04
中外妇女代表在京植友谊树,1995-04-03,1995-04
我试飞员获国际证书,1995-04-03,1995-04
山东：一棵君子兰长出十五箭,1995-04-03,1995-04
闽北农民成立护树『理事会』,1995-04-03,1995-04
文化部颁发首届“文化新闻奖”,1995-04-03,1995-04
科教兴湘  前程似锦,1995-04-03,1995-04
南开学风  堪称一流,1995-04-03,1995-04
奉献是她庄严的使命,1995-04-03,1995-04
借鉴一下“蹲苗”,1995-04-03,1995-04
东北轻工给辽大优秀生颁奖,1995-04-03,1995-04
１５２医院采用非手术疗法治疗小儿包茎成功率高,1995-04-03,1995-04
栖霞县城区教师住进『教师村』,1995-04-03,1995-04
中亚各国趋向总统制,1995-04-03,1995-04
高潮与低潮,1995-04-03,1995-04
一周国际要闻回顾,1995-04-03,1995-04
克里米亚政府归中央政府领导,1995-04-03,1995-04
阿四党联盟拒绝联合国方案,1995-04-03,1995-04
克罗地亚欢迎安理会决议,1995-04-03,1995-04
俄军１４３６人在车臣阵亡,1995-04-03,1995-04
朝呼吁北南政党社团接触,1995-04-03,1995-04
巴自治政府发放护照,1995-04-03,1995-04
海地领导人会见李肇星,1995-04-03,1995-04
美为乌销毁核武器追加拨款,1995-04-03,1995-04
利比亚将派飞机运送朝觐者,1995-04-03,1995-04
科尔过生日  收礼有新法,1995-04-03,1995-04
加沙发生爆炸事件,1995-04-03,1995-04
阿富汗山体滑坡山下村庄毁灭,1995-04-03,1995-04
在发展中国家,1995-04-03,1995-04
电影艺术１００年,1995-04-03,1995-04
解决社会两极分化问题,1995-04-03,1995-04
旅游仍是年轻的行业,1995-04-03,1995-04
我留日学生为祖国改革献策,1995-04-03,1995-04
美大通·曼哈顿银行实行灵活工作制,1995-04-03,1995-04
日本新再次发生地震,1995-04-03,1995-04
读报最多属挪威,1995-04-03,1995-04
中国队首轮位居最后,1995-04-03,1995-04
参赛球员已经选定,1995-04-03,1995-04
前卫男篮力克辽宁队,1995-04-03,1995-04
中国队战胜澳大利亚队,1995-04-03,1995-04
中国队参加世乒赛团体赛阵容确定,1995-04-03,1995-04
第４３届世乒赛宣传日活动在京举行,1995-04-03,1995-04
世乒赛报名创纪录,1995-04-03,1995-04
中日太极拳交流竞技大会在日举行,1995-04-03,1995-04
戴维斯杯网球赛分区赛中国队战胜泰国队,1995-04-03,1995-04
烟熏火燎,1995-04-03,1995-04
钢筋缠身,1995-04-03,1995-04
难堪重负,1995-04-03,1995-04
行政机关为何败诉率高,1995-04-03,1995-04
敢字当头就不难,1995-04-03,1995-04
学杂费增长过快众学子叫苦不迭（读者来信）,1995-04-03,1995-04
拦路抢煤谁来管？,1995-04-03,1995-04
救救原平古碑林,1995-04-03,1995-04
是吃碘盐，不是喝碘水,1995-04-03,1995-04
长期占用我家房产是否侵权？,1995-04-03,1995-04
树木何辜！,1995-04-03,1995-04
落实早稻面积刻不容缓,1995-04-03,1995-04
大学生“猪倌”,1995-04-03,1995-04
绿化莫忘种草,1995-04-03,1995-04
太行山的经济沟,1995-04-03,1995-04
阳信：全国第一梨,1995-04-03,1995-04
沉睡千万年的宝石“下海”了！,1995-04-03,1995-04
栽树莫栽数字,1995-04-03,1995-04
棉花综合增产技术（２０项农业重点推广技术 ④）,1995-04-03,1995-04
求购小麦中耕机械（服务台）,1995-04-03,1995-04
老伴赶“海”去,1995-04-03,1995-04
荒漠植树人,1995-04-03,1995-04
换一种视角看中国,1995-04-03,1995-04
地理科学的人文精神,1995-04-03,1995-04
揭示经济起飞的文化背景,1995-04-03,1995-04
科技译著出版滑坡堪忧,1995-04-03,1995-04
探讨女性文化的中国特色,1995-04-03,1995-04
面对消费文化：要多一分清醒,1995-04-03,1995-04
文化百态,1995-04-03,1995-04
警惕“没有仁爱的知识”,1995-04-03,1995-04
名家品书韵味常新,1995-04-03,1995-04
信天游———献给黄土地,1995-04-03,1995-04
松鹤延年 （剪纸）,1995-04-03,1995-04
泉鸣图 （中国画）,1995-04-03,1995-04
亲  情,1995-04-03,1995-04
想看话剧,1995-04-03,1995-04
江泽民同首都观众出席纪念音乐会,1995-04-04,1995-04
北京地区天气预报,1995-04-04,1995-04
华东地区发行国库券进度快,1995-04-04,1995-04
为『国』分忧的共产党员,1995-04-04,1995-04
荣毅仁同哥伦比亚副总统会谈,1995-04-04,1995-04
读报栏前的对话,1995-04-04,1995-04
中国同波黑建立外交关系,1995-04-04,1995-04
祝贺中国与波黑建交（社论）,1995-04-04,1995-04
李鹏会见德国客人,1995-04-04,1995-04
李鹏会见英国客人,1995-04-04,1995-04
中行北京分行个人外币存款多,1995-04-04,1995-04
香港特快专递邮件处理量全球第三,1995-04-04,1995-04
河南中原芝麻批发市场交易活跃,1995-04-04,1995-04
三千万人民托起的彩虹,1995-04-04,1995-04
『巨轮』怎样疾驰？,1995-04-04,1995-04
桐柏争包荒山四野盈翠,1995-04-04,1995-04
内蒙古营造北疆绿色长城,1995-04-04,1995-04
地矿部等表彰劳模先进工作者,1995-04-04,1995-04
第三次全国工业普查全面铺开,1995-04-04,1995-04
“铝老大”的思路,1995-04-04,1995-04
亚洲民俗周大型旅游活动将在京举行,1995-04-04,1995-04
宽甸科学造林荒山变绿,1995-04-04,1995-04
星星集团保护消费者权益出新招,1995-04-04,1995-04
胶黄铁路投入临管运营,1995-04-04,1995-04
三五零二厂与服装学院联合开发新品,1995-04-04,1995-04
《当代中国的工商税收》出版,1995-04-04,1995-04
金融专用电子显示屏问世,1995-04-04,1995-04
银行也要有忧患意识,1995-04-04,1995-04
中国水利水电出版社成立,1995-04-04,1995-04
各地抽派４５万机关干部下乡驻村,1995-04-04,1995-04
办事透亮,1995-04-04,1995-04
狠刹用公款吃喝玩歪风,1995-04-04,1995-04
上访信发出之后,1995-04-04,1995-04
云南多方配合妥善安置军转干部,1995-04-04,1995-04
决不能搞『书记组阁』,1995-04-04,1995-04
众农民舍身协助干警擒歹徒,1995-04-04,1995-04
开发绿洲的雄师,1995-04-04,1995-04
从各种应酬中『解放』出来,1995-04-04,1995-04
天津两高新技术园区晋级,1995-04-04,1995-04
临颍采取措施“解放”乡镇干部,1995-04-04,1995-04
中央军委为海军某支队记集体二等功,1995-04-04,1995-04
中央党校规定严禁用公款“吃喝玩乐”,1995-04-04,1995-04
文学期刊《瀚海潮》被查处,1995-04-04,1995-04
大型电视专题片《香港沧桑》将拍摄,1995-04-04,1995-04
李岚清会见乌克兰副总理什马罗夫,1995-04-04,1995-04
中乌经贸合作委员会举行第二次会议,1995-04-04,1995-04
迟浩田举行仪式欢迎乌克兰军事代表团,1995-04-04,1995-04
南澳：借海风发电,1995-04-04,1995-04
杭州牡丹绽苞吐艳,1995-04-04,1995-04
宁都农户聘请『气象顾问』,1995-04-04,1995-04
用生命铸造永恒,1995-04-04,1995-04
杨大妈留女婿,1995-04-04,1995-04
轿车与粉笔,1995-04-04,1995-04
彭城铁人,1995-04-04,1995-04
“中国信息共同体”数据库联机检索网络问世,1995-04-04,1995-04
秦岭草药治精神病,1995-04-04,1995-04
中医治疗咽疾疗效显著,1995-04-04,1995-04
堂伯的心愿,1995-04-04,1995-04
企业应继续办好所属中小学,1995-04-04,1995-04
罗初步证实定时炸弹造成坠机,1995-04-04,1995-04
鲁茨科伊将竞选俄下届总统,1995-04-04,1995-04
早春三月的安理会,1995-04-04,1995-04
佩里访俄签署两项协议,1995-04-04,1995-04
乌对克里米亚采取新举措,1995-04-04,1995-04
越公布抗美救国战争伤亡数字,1995-04-04,1995-04
驻前南维和部队改组易名,1995-04-04,1995-04
钱其琛同斯外长会谈,1995-04-04,1995-04
美呼吁俄停止同伊朗核合作,1995-04-04,1995-04
美称叙以会谈有进展,1995-04-04,1995-04
印共（马）举行全国代表大会,1995-04-04,1995-04
布隆迪总统视察图西人居住区,1995-04-04,1995-04
泰列车卡车相撞上百人伤亡,1995-04-04,1995-04
波黑共和国,1995-04-04,1995-04
美软件谷崛起管窥,1995-04-04,1995-04
东京日元升值股价暴跌,1995-04-04,1995-04
海湾六国增收节支,1995-04-04,1995-04
西方国家出口比例提高,1995-04-04,1995-04
法国法马通核电集团宣布与中国合作计划,1995-04-04,1995-04
电影艺术１００年,1995-04-04,1995-04
国外新型家庭汽车,1995-04-04,1995-04
人民币市场汇价,1995-04-04,1995-04
柏林举行环保自行车游行,1995-04-04,1995-04
美大幅削减对外粮援,1995-04-04,1995-04
世界贸易去年增幅创纪录,1995-04-04,1995-04
我三名棋手进入八强,1995-04-04,1995-04
唤醒沉睡的土地,1995-04-04,1995-04
江苏队获团体冠军,1995-04-04,1995-04
中国队获３项亚军,1995-04-04,1995-04
亚洲青年女子手球赛在汉城揭幕,1995-04-04,1995-04
泰森准备复出,1995-04-04,1995-04
面临大赛的飞毛腿,1995-04-04,1995-04
中国青年男排又胜一场,1995-04-04,1995-04
树立正确的人生价值导向,1995-04-04,1995-04
社会主义市场经济必须坚持依法行政,1995-04-04,1995-04
《中国特色社会主义发展道路论纲》评介,1995-04-04,1995-04
越是发展社会主义市场经济，越要加强精神文明建设,1995-04-04,1995-04
要加快组建国有产权运营机构,1995-04-04,1995-04
从一个人看一个历史主题,1995-04-04,1995-04
关于文化艺术人才管理的思考,1995-04-04,1995-04
文艺信息,1995-04-04,1995-04
９０年代小说现象和文学课题,1995-04-04,1995-04
从一家人看一个时代,1995-04-04,1995-04
劳动合同———你的分量有多重,1995-04-04,1995-04
人生无悔自风流,1995-04-04,1995-04
打拐，警钟长鸣！,1995-04-04,1995-04
“录相探监”,1995-04-04,1995-04
领导干部应带头学法,1995-04-04,1995-04
西城公安分局荣获“四连冠”,1995-04-04,1995-04
崇阳抓治安重落实,1995-04-04,1995-04
政法大学积极培养人才,1995-04-04,1995-04
『恒安杯·巾帼风采』散文征文启事,1995-04-04,1995-04
大地书讯,1995-04-04,1995-04
电视剧《第一护理组》正在加紧拍摄,1995-04-04,1995-04
环境艺术与现代化建设,1995-04-04,1995-04
《老城》观摩研讨会在京举行,1995-04-04,1995-04
中日青年交流中心鸟瞰,1995-04-04,1995-04
壮丽青春在闪光,1995-04-05,1995-04
北京地区天气预报,1995-04-05,1995-04
全军扎实开展四个方面的教育,1995-04-05,1995-04
满载而归,1995-04-05,1995-04
日元扶摇攀升,1995-04-05,1995-04
科威特国王储兼首相萨阿德殿下,1995-04-05,1995-04
南粤大地水利建设掀起高潮,1995-04-05,1995-04
白节岛上一愚公,1995-04-05,1995-04
县委书记挑塘泥,1995-04-05,1995-04
丧事宜俭,1995-04-05,1995-04
新疆牛羊有了『家』,1995-04-05,1995-04
拉萨加强蔬菜基地建设,1995-04-05,1995-04
平顶山推出『六看』放贷标准,1995-04-05,1995-04
起飞阶段话发展,1995-04-05,1995-04
尽最大努力多产化肥,1995-04-05,1995-04
从内陆走向世界,1995-04-05,1995-04
服务到家,1995-04-05,1995-04
天津发现进口商品缺斤短两陕西撤销名存实亡外商企业,1995-04-05,1995-04
四川取缔川化门前“化肥一条街”,1995-04-05,1995-04
江苏凤凰泉公司从严治厂,1995-04-05,1995-04
粤汉饲料公司带出２７０个鸡场,1995-04-05,1995-04
莱钢新产品开发向高精特发展,1995-04-05,1995-04
石家庄一棉抓技改增效益,1995-04-05,1995-04
中日合资开发北京西山矿泉,1995-04-05,1995-04
党员学理论学党章活动逐步展开,1995-04-05,1995-04
中纪委监察部表彰机关先进工作者,1995-04-05,1995-04
让『一国两制』在香港成功实践,1995-04-05,1995-04
天津对营以下军转干部试行资格考试,1995-04-05,1995-04
敬老曲,1995-04-05,1995-04
一案激起层层浪,1995-04-05,1995-04
外事简讯,1995-04-05,1995-04
全国文化先进集体和个人受表彰,1995-04-05,1995-04
让农村儿童看上一场戏,1995-04-05,1995-04
第十四届新闻摄影作品评选揭晓,1995-04-05,1995-04
基本法的精神正在深入人心,1995-04-05,1995-04
欣闻上海人口负增长,1995-04-05,1995-04
送医到乡村,1995-04-05,1995-04
中英空中交通管制专家小组双方组长会晤,1995-04-05,1995-04
中英铁路专家小组双方组长会晤,1995-04-05,1995-04
吴邦国会见韩国客人,1995-04-05,1995-04
荒芜先生逝世,1995-04-05,1995-04
迟浩田会见西班牙客人,1995-04-05,1995-04
《中乌政府间经贸合作委员会第二次会议纪要》签署,1995-04-05,1995-04
“人权研究资料丛书”出齐,1995-04-05,1995-04
肥城数牛,1995-04-05,1995-04
万千爱国爱乡心,1995-04-05,1995-04
还钱,1995-04-05,1995-04
当一回矿工,1995-04-05,1995-04
除夕归远客,1995-04-05,1995-04
湘西，比山川更美丽的……,1995-04-05,1995-04
三叔的联络簿,1995-04-05,1995-04
斯总统总理会见钱其琛,1995-04-05,1995-04
变形鸵鸟（漫画）,1995-04-05,1995-04
科济列夫出访中东,1995-04-05,1995-04
车臣首府开始恢复正常,1995-04-05,1995-04
希拉克主张保持法中友好,1995-04-05,1995-04
值得警惕的动向,1995-04-05,1995-04
加沙局势再度紧张,1995-04-05,1995-04
拉美三角军售案曝光,1995-04-05,1995-04
俄不放弃援伊核计划,1995-04-05,1995-04
以不再要求叙裁减军队,1995-04-05,1995-04
卢旺达高等院校开始复课,1995-04-05,1995-04
沙特承认巴勒斯坦护照,1995-04-05,1995-04
菲棉兰老岛处于紧急状态,1995-04-05,1995-04
乌议会通过对政府不信任案,1995-04-05,1995-04
柏林和勃兰登堡州决定合并,1995-04-05,1995-04
美元跌势难阻,1995-04-05,1995-04
喀麦隆残疾妇女缝纫培训班开学,1995-04-05,1995-04
世界野生动植物非法交易猖獗,1995-04-05,1995-04
衍生金融工具,1995-04-05,1995-04
喀麦隆致力振兴经济,1995-04-05,1995-04
人民币市场汇价,1995-04-05,1995-04
埃巴商讨邮电合作,1995-04-05,1995-04
汉诺威工业博览会开幕,1995-04-05,1995-04
巴林银行正副总裁辞职,1995-04-05,1995-04
电影艺术１００年,1995-04-05,1995-04
英用户将可点播电视节目,1995-04-05,1995-04
提高太极拳竞赛可比性,1995-04-05,1995-04
中国足协作好各项准备迎接甲级联赛,1995-04-05,1995-04
阳光普照桃李园,1995-04-05,1995-04
中国队获得入场券,1995-04-05,1995-04
携手向世界献宝,1995-04-05,1995-04
亚洲羽毛球锦标赛开拍,1995-04-05,1995-04
全国游泳冠军赛今日开幕,1995-04-05,1995-04
全国游泳项目反兴奋剂大会昨日举行,1995-04-05,1995-04
中国队获世青女子手球赛参赛权,1995-04-05,1995-04
原油滚滚……,1995-04-05,1995-04
棉花收购价格一步到位为好（读者来信）,1995-04-05,1995-04
买了不知是赃物的物品怎么处理？（法律顾问）,1995-04-05,1995-04
加强乡镇户籍管理（读者来信）,1995-04-05,1995-04
农民希望化肥价格稳定,1995-04-05,1995-04
奉节一些合作基金会高利吸股,1995-04-05,1995-04
换个角度算笔大帐,1995-04-05,1995-04
巴中部分农村违法现象突出,1995-04-05,1995-04
吉林省农用化肥市场透视,1995-04-05,1995-04
早春金石滩,1995-04-05,1995-04
纪念抗日战争胜利５０周年,1995-04-05,1995-04
告诉春天,1995-04-05,1995-04
远山的呼唤,1995-04-05,1995-04
热土行,1995-04-05,1995-04
闽西，跃动的群山,1995-04-05,1995-04
略论社会劳动创造价值,1995-04-05,1995-04
全国资源、环境与经济发展研讨会综述,1995-04-05,1995-04
《家务劳动价值论》述评,1995-04-05,1995-04
影响道德选择的心理因素,1995-04-05,1995-04
北京地区天气预报,1995-04-06,1995-04
江泽民会见哥伦比亚副总统,1995-04-06,1995-04
上海龙华烈士陵园建成开放,1995-04-06,1995-04
乔石会见哥伦比亚副总统,1995-04-06,1995-04
推行全面质量管理提高产品质量水平,1995-04-06,1995-04
《动画大观》好！,1995-04-06,1995-04
工行３０亿支农企业贷款到位,1995-04-06,1995-04
江泽民将出席庆典,1995-04-06,1995-04
中国发布关于安全保证问题的国家声明,1995-04-06,1995-04
种粮大户访谈录,1995-04-06,1995-04
乔石会见韩国客人,1995-04-06,1995-04
外交部发言人发表评论,1995-04-06,1995-04
开发银行农业贷款逾７０亿元,1995-04-06,1995-04
三年期凭证式国库券全国发行逾七百亿元,1995-04-06,1995-04
科威特王储兼首相抵京,1995-04-06,1995-04
执行物价计量政策最佳单位评选揭晓,1995-04-06,1995-04
棉农建议上了『红头文件』,1995-04-06,1995-04
管好这把刀,1995-04-06,1995-04
大力推行定点屠宰,1995-04-06,1995-04
“胶鞋王子”的后劲观,1995-04-06,1995-04
青春宝公司效益持续增长,1995-04-06,1995-04
中国银行去年海外筹资８·３亿美元,1995-04-06,1995-04
《中国银行行史》序,1995-04-06,1995-04
雪峰集团调整产品结构由衰转旺,1995-04-06,1995-04
绅士牌衬衫畅销京都,1995-04-06,1995-04
我国农业生产开局良好,1995-04-06,1995-04
永明人寿保险公司在京设代表处,1995-04-06,1995-04
三环牌航胎获美国适航证,1995-04-06,1995-04
质量管理是企业管理的纲,1995-04-06,1995-04
清河农民争相安装电话,1995-04-06,1995-04
淄博试点企业改制全面展开,1995-04-06,1995-04
甘雷入党,1995-04-06,1995-04
怀化实施农村党员『科教工程』,1995-04-06,1995-04
放牧雪山下  纵马护银线,1995-04-06,1995-04
天津警备区某团注重人生观教育,1995-04-06,1995-04
吉林做好军转干部报到前培训试点,1995-04-06,1995-04
临潼集中培训村级班子,1995-04-06,1995-04
桐柏对村级党组织分类指导,1995-04-06,1995-04
市长的祝贺,1995-04-06,1995-04
修庙还是修校,1995-04-06,1995-04
南磨房乡致富不忘国防,1995-04-06,1995-04
用心灵美化城市,1995-04-06,1995-04
全国军转安置工作会议召开,1995-04-06,1995-04
布达拉宫广场工程全面施工,1995-04-06,1995-04
中哥贸易将在发展中求得平衡,1995-04-06,1995-04
《“五一”之夜》大型文艺晚会将推出,1995-04-06,1995-04
在『兴』字上多作文章,1995-04-06,1995-04
迟浩田会见朝鲜客人,1995-04-06,1995-04
预委会文化小组与香港教育界人士座谈,1995-04-06,1995-04
中国与东盟高级官员磋商在杭州举行,1995-04-06,1995-04
中英联合联络小组在港举行会议,1995-04-06,1995-04
西哈努克国王离京回国,1995-04-06,1995-04
中国当代名家书画展将在洛阳举行,1995-04-06,1995-04
海内外同胞共祭黄帝陵,1995-04-06,1995-04
外事简讯,1995-04-06,1995-04
家长的角色该怎样扮演？,1995-04-06,1995-04
高校要为发展科技尽全力,1995-04-06,1995-04
孩子的回答说明什么,1995-04-06,1995-04
教科文简讯,1995-04-06,1995-04
《科普画王》创刊,1995-04-06,1995-04
架起中外高技术交流之桥,1995-04-06,1995-04
推动科学减灾  保障社会发展,1995-04-06,1995-04
“恒泰杯”文学奖征稿开始,1995-04-06,1995-04
河北少儿出版社“双效书”迭出,1995-04-06,1995-04
精密金刚石带锯机进入美国市场,1995-04-06,1995-04
清华同仁汽车冷暖风机研制成功,1995-04-06,1995-04
温妮要求澄清被免职原因,1995-04-06,1995-04
葡萄牙重视发展对华关系,1995-04-06,1995-04
摩尔多瓦总理议长会见钱其琛,1995-04-06,1995-04
克林顿与梅杰会谈,1995-04-06,1995-04
科威特期望同中国全面合作,1995-04-06,1995-04
美向哈提供军转民资金,1995-04-06,1995-04
欧盟加强反舞弊,1995-04-06,1995-04
谈紧密合作争安全利益,1995-04-06,1995-04
巴以就巴选举问题举行谈判,1995-04-06,1995-04
俄就克局势发表声明,1995-04-06,1995-04
西哈努克国王回到金边,1995-04-06,1995-04
美俄等４国联建海上火箭发射中心,1995-04-06,1995-04
厄秘军队后撤工作进展顺利,1995-04-06,1995-04
克议会要求乌议会否决总统令乌议长表示总统令不违反宪法,1995-04-06,1995-04
美中东和谈协调员将再赴叙以,1995-04-06,1995-04
射击白宫枪手被判有罪,1995-04-06,1995-04
朝鲜决定撤回驻波兰大使,1995-04-06,1995-04
造就俊才靠教育,1995-04-06,1995-04
欧盟欢迎日部分放宽限制,1995-04-06,1995-04
柏林气候会议开始部长级磋商,1995-04-06,1995-04
欧货币局发表年度报告,1995-04-06,1995-04
土学者提出『以水治水』,1995-04-06,1995-04
加欧渔业谈判未果,1995-04-06,1995-04
墨金融危机导致失业人数激增,1995-04-06,1995-04
南非三十座金矿遭放射性污染,1995-04-06,1995-04
人民币市场汇价,1995-04-06,1995-04
电影艺术１００年,1995-04-06,1995-04
欧委会通过“２０００年海关计划”,1995-04-06,1995-04
俄将提高进口关税,1995-04-06,1995-04
波建议成立中东欧反犯罪中心,1995-04-06,1995-04
乌总统强调加快经济转轨,1995-04-06,1995-04
南发现４２４名艾滋病患者,1995-04-06,1995-04
美国开展“全国储蓄月”活动,1995-04-06,1995-04
韩外债总额达５７３亿美元,1995-04-06,1995-04
韩国百余万人参加植树,1995-04-06,1995-04
世乒赛男女团体赛分组抽签揭晓,1995-04-06,1995-04
身体素质基本技术仍须加强,1995-04-06,1995-04
我队三胜一负,1995-04-06,1995-04
这支队伍还得磨练,1995-04-06,1995-04
大连足球队夺得银荔杯,1995-04-06,1995-04
全国男篮八强赛激战不止,1995-04-06,1995-04
中国选手发挥出色,1995-04-06,1995-04
第八届中国围棋名人战落子,1995-04-06,1995-04
全国游泳冠军赛首日比赛平淡,1995-04-06,1995-04
资本营运与企业微观决策,1995-04-06,1995-04
切实减轻农民负担,1995-04-06,1995-04
实现农村剩余劳动力转移有序化的条件和对策,1995-04-06,1995-04
你恋着这片绿地,1995-04-06,1995-04
善为人  然后善为文,1995-04-06,1995-04
首都公演话剧《故意伤害》,1995-04-06,1995-04
《结伴同行》的美学启发,1995-04-06,1995-04
仙桃市花鼓剧团送戏下乡,1995-04-06,1995-04
室内剧《小楼风景》播出,1995-04-06,1995-04
简讯,1995-04-06,1995-04
全国人民关心着我们,1995-04-06,1995-04
拉萨的星期天市场,1995-04-06,1995-04
深山里的创造,1995-04-06,1995-04
历史的飞跃,1995-04-06,1995-04
鱼跃人欢九嶷山,1995-04-06,1995-04
马背『赛音额木齐』,1995-04-06,1995-04
女兵，写给母亲,1995-04-06,1995-04
秋熟（中国画）,1995-04-06,1995-04
红都保安散记,1995-04-06,1995-04
不仅仅为了纪念,1995-04-06,1995-04
从『茴』字有四种写法说开去,1995-04-06,1995-04
李鹏同科威特王储兼首相会谈,1995-04-07,1995-04
江泽民参加二战结束五十周年庆典意义重大,1995-04-07,1995-04
领导干部的楷模———孔繁森,1995-04-07,1995-04
江泽民会见世界卫生组织总干事,1995-04-07,1995-04
向孔繁森同志学习（社论）,1995-04-07,1995-04
江泽民会见美国客人,1995-04-07,1995-04
北京地区天气预报,1995-04-07,1995-04
领导干部的楷模———孔繁森,1995-04-07,1995-04
组建扶持一批大公司大集团,1995-04-07,1995-04
联通公司建成四城市移动通信网,1995-04-07,1995-04
昌平建设花园式科学城,1995-04-07,1995-04
美通用公司在华建立汽车技术研究院,1995-04-07,1995-04
安联保险集团在中国设立科研奖学金,1995-04-07,1995-04
内贸部国家工商局要求整顿外轮供应秩序,1995-04-07,1995-04
情系青山绿树间,1995-04-07,1995-04
要干则是一流的,1995-04-07,1995-04
招远治理矿业秩序,1995-04-07,1995-04
豪门的口味,1995-04-07,1995-04
曹县棉花面积落实到村户,1995-04-07,1995-04
余杭集中力量消灭白板田,1995-04-07,1995-04
祁阳鼓励农民发展粮食生产,1995-04-07,1995-04
齐齐哈尔车辆厂连年盈利,1995-04-07,1995-04
小心，出租车计价器,1995-04-07,1995-04
天腾电脑公司推出新型并行服务器,1995-04-07,1995-04
莱州建设大白菜育种中心,1995-04-07,1995-04
沙朗建立无公害蔬菜基地,1995-04-07,1995-04
首次全国重点水泥用户评价揭晓,1995-04-07,1995-04
京粤两种《新三字经》畅销,1995-04-07,1995-04
海峡两岸政治性商谈应尽早举行,1995-04-07,1995-04
中央国家机关培训新录用公务员,1995-04-07,1995-04
海协致函台海基会,1995-04-07,1995-04
重启蒙大有益,1995-04-07,1995-04
荣毅仁会见乌克兰副总理兼国防部长,1995-04-07,1995-04
十大杰出青年访问团结束访台,1995-04-07,1995-04
外交部发言人发表谈话,1995-04-07,1995-04
无字的教科书,1995-04-07,1995-04
师表风范,1995-04-07,1995-04
《世界反法西斯文学书系》问世,1995-04-07,1995-04
“富力特”给棉区带来喜悦,1995-04-07,1995-04
北京机电研究院改革见成效,1995-04-07,1995-04
大力控制乡镇工业污染,1995-04-07,1995-04
苍溪妇女靠科技发展庭院经济,1995-04-07,1995-04
及时准确预报天气服务农业生产,1995-04-07,1995-04
海口报亭真热闹,1995-04-07,1995-04
俄伊核合作———美俄争执新焦点,1995-04-07,1995-04
对无核国家安全作出承诺,1995-04-07,1995-04
乌克兰政府重组,1995-04-07,1995-04
摩尔多瓦总统会见钱其琛,1995-04-07,1995-04
了犹未了,1995-04-07,1995-04
我驻朝越大使为烈士扫墓,1995-04-07,1995-04
苏亚雷斯：确保澳门顺利回归,1995-04-07,1995-04
巴拉迪尔：进一步发展法中合作,1995-04-07,1995-04
美埃总统讨论中东核问题,1995-04-07,1995-04
索马里北部发生激战,1995-04-07,1995-04
阿政府军同塔利班激战,1995-04-07,1995-04
布隆迪部族冲突再起,1995-04-07,1995-04
约以互派大使,1995-04-07,1995-04
德新发现漏网纳粹战犯,1995-04-07,1995-04
法举办纳粹集中营罪行展,1995-04-07,1995-04
美元跌潮透视,1995-04-07,1995-04
欧力主货币统一,1995-04-07,1995-04
波音公司跻身卫星发射市场,1995-04-07,1995-04
以色列成功发射间谍卫星,1995-04-07,1995-04
美国众议院通过减税议案,1995-04-07,1995-04
美元汇价继续下跌,1995-04-07,1995-04
照相术将告别底片与相纸,1995-04-07,1995-04
欧力主货币统一,1995-04-07,1995-04
呼吁发达国家切实履约,1995-04-07,1995-04
美推出“全球电子图书馆”系统,1995-04-07,1995-04
不追随美国政策  加看好古巴市场,1995-04-07,1995-04
美国去年香烟产量大增,1995-04-07,1995-04
美欧促日开放市场,1995-04-07,1995-04
宇宙有星系两千亿,1995-04-07,1995-04
人民币市场汇价,1995-04-07,1995-04
学好规则  跟上潮流,1995-04-07,1995-04
肯定中国反兴奋剂斗争的严厉措施,1995-04-07,1995-04
男女单打四强中国各占三席,1995-04-07,1995-04
“中国游泳前景光明”,1995-04-07,1995-04
我国将参加首届太平洋运动会,1995-04-07,1995-04
亚洲女子手球锦标赛中国队首战告捷,1995-04-07,1995-04
全国游泳冠军赛上海队夺两金,1995-04-07,1995-04
围棋名人战小将又有佳作,1995-04-07,1995-04
敢问路在何方？（朋友信箱）,1995-04-07,1995-04
试试羡慕自己,1995-04-07,1995-04
路就在你的脚下（朋友信箱）,1995-04-07,1995-04
普通人爱读“普通人的故事”（读者评报）,1995-04-07,1995-04
普通人的故事  少时一桩亏心事,1995-04-07,1995-04
莫忘吸烟的危害,1995-04-07,1995-04
如此拔牙！,1995-04-07,1995-04
雷击造成损害，责任谁负？,1995-04-07,1995-04
一问一答,1995-04-07,1995-04
抓住良好机遇  加快林业建设,1995-04-07,1995-04
加快结构调整  促国有企业发展,1995-04-07,1995-04
农业大县如何上新台阶,1995-04-07,1995-04
再造河套,1995-04-07,1995-04
风险意识与风险对策,1995-04-07,1995-04
怀念杨得志同志,1995-04-07,1995-04
念一念《新三字经》,1995-04-07,1995-04
匠心与精品,1995-04-07,1995-04
再现二战风云的新作,1995-04-07,1995-04
洋溢爱国之情的《中华家书》,1995-04-07,1995-04
书价再议,1995-04-07,1995-04
发人深思的传记作品,1995-04-07,1995-04
信是有缘,1995-04-07,1995-04
新书选目,1995-04-07,1995-04
三十年耕耘结硕果,1995-04-07,1995-04
乔石会见科威特王储兼首相,1995-04-08,1995-04
江泽民会见科威特王储兼首相,1995-04-08,1995-04
服从大局安置好使用好军队转业干部,1995-04-08,1995-04
日元攀升不已,1995-04-08,1995-04
昔日荒山岭今日花果山,1995-04-08,1995-04
北京地区天气预报,1995-04-08,1995-04
今天仍有焦裕禄,1995-04-08,1995-04
咬定粮食不放松,1995-04-08,1995-04
西哈努克设宴庆祝柬中友好４０周年,1995-04-08,1995-04
中化公司综合商社试点启动,1995-04-08,1995-04
聊城：学楷模为民办实事,1995-04-08,1995-04
西藏：含深情缅怀孔繁森,1995-04-08,1995-04
九江积极协助银行清收利息,1995-04-08,1995-04
迎接第二次合作开发高潮,1995-04-08,1995-04
改组改制改造合力壮大企业集团,1995-04-08,1995-04
用要贷款的劲头抓还贷,1995-04-08,1995-04
黑龙江办水利不再是国家独操心,1995-04-08,1995-04
内蒙古继续抓农牧区重点水利建设,1995-04-08,1995-04
进一步加强农资市场管理,1995-04-08,1995-04
巨化：亏本支农尿素不涨价,1995-04-08,1995-04
中美合作勘探开发大庆和柴达木,1995-04-08,1995-04
我国开发生产自动柜员机,1995-04-08,1995-04
栖霞加强化肥农药种子监督,1995-04-08,1995-04
三农：让利于农农药价最低,1995-04-08,1995-04
“鲁南制药”跃居中药企业五强,1995-04-08,1995-04
柔性接口抗震排水管口获奖,1995-04-08,1995-04
《深圳企业家与现代企业制度》出版发行,1995-04-08,1995-04
十堰建行龙卡发行量突破一万张,1995-04-08,1995-04
在抗灾救灾的日子里,1995-04-08,1995-04
留取丹心耀雪域,1995-04-08,1995-04
清理整顿非法经营性公墓,1995-04-08,1995-04
艰苦奋斗,1995-04-08,1995-04
杜家华被追授为“全国优秀纪检干部”,1995-04-08,1995-04
军事书刊读者热研讨会举行,1995-04-08,1995-04
中华爱国工程联合会在京成立,1995-04-08,1995-04
五名偷渡分子在大连机场落网,1995-04-08,1995-04
中山巡警有力维护社会治安,1995-04-08,1995-04
实行适度从紧货币政策促使物价涨幅明显下降,1995-04-08,1995-04
局长抓路风,1995-04-08,1995-04
天津市和平区评出十佳公仆,1995-04-08,1995-04
带领农民快富太原开辟新路,1995-04-08,1995-04
从“一”做起,1995-04-08,1995-04
香港预委会文化小组通报两年工作情况,1995-04-08,1995-04
中国与科威特签署贷款协议,1995-04-08,1995-04
中科将在石油方面加强合作,1995-04-08,1995-04
广州公路主枢纽工程开工,1995-04-08,1995-04
中奥经贸合作混委会会议在京举行,1995-04-08,1995-04
科威特王储兼首相在京参观,1995-04-08,1995-04
中泰签订一项合作谅解备忘录,1995-04-08,1995-04
我国戏剧舞台出现一批精品,1995-04-08,1995-04
宜兴琉璃建筑享誉英国,1995-04-08,1995-04
高镜莹同志逝世,1995-04-08,1995-04
“西奥夫”亚大分会年会在昆明举行,1995-04-08,1995-04
中国书画精品巡回展在京举行,1995-04-08,1995-04
外事简讯,1995-04-08,1995-04
首都举行“世界卫生日”活动,1995-04-08,1995-04
桃李满园,1995-04-08,1995-04
《山西科技报》为青少年开辟天地,1995-04-08,1995-04
滦河也是母亲河,1995-04-08,1995-04
我国四项发明荣获日内瓦金奖,1995-04-08,1995-04
高校招生和毕业生就业有新规定,1995-04-08,1995-04
吴运铎铜像在咸阳落成,1995-04-08,1995-04
韬奋新苗奖在京揭晓,1995-04-08,1995-04
“死亡之海”草长莺飞,1995-04-08,1995-04
北极考察队抵哈德逊湾集训,1995-04-08,1995-04
绍兴人的『文化热』,1995-04-08,1995-04
保加利亚总统会见钱其琛,1995-04-08,1995-04
西方协调不力日元狂升不止,1995-04-08,1995-04
俄罗斯将举行大型庆祝活动,1995-04-08,1995-04
中国不威胁亚洲安全,1995-04-08,1995-04
南非共第九次全国代表大会开幕,1995-04-08,1995-04
魁省公决缘何推迟,1995-04-08,1995-04
连老盟友也受不了,1995-04-08,1995-04
罗领导人赞扬中国稳定希望继续扩大双边关系,1995-04-08,1995-04
苏吉特赞赏中国改革开放政策,1995-04-08,1995-04
我代表呼吁制订全面禁核公约,1995-04-08,1995-04
布首都发生袭击外国人事件,1995-04-08,1995-04
加利说不允许卢旺达悲剧重演,1995-04-08,1995-04
安理会就索马里行动发表主席声明,1995-04-08,1995-04
北约空军开始在萨市巡逻,1995-04-08,1995-04
（内幕曝光）  温妮缘何被解职,1995-04-08,1995-04
夜访“克罗沙”,1995-04-08,1995-04
新兴的联袂广告,1995-04-08,1995-04
雨中芒街,1995-04-08,1995-04
中国稳获三项冠军,1995-04-08,1995-04
上海队再添三金,1995-04-08,1995-04
这里的赛场静悄悄,1995-04-08,1995-04
常回故乡来,1995-04-08,1995-04
乒乓少年保定练兵,1995-04-08,1995-04
队员挫强敌  教练唱低调,1995-04-08,1995-04
乐靖宜感觉良好,1995-04-08,1995-04
全国花样滑冰冠军赛在京结束,1995-04-08,1995-04
中韩女队将争奥运手球参赛权,1995-04-08,1995-04
全国射箭达标赛破１１项全国纪录,1995-04-08,1995-04
为了港澳同胞的菜篮子,1995-04-08,1995-04
乐与农民换位思考,1995-04-08,1995-04
云梦山中寻鬼谷,1995-04-08,1995-04
执法如山的女检察官,1995-04-08,1995-04
为富民架桥铺路,1995-04-08,1995-04
咬定青山  宁都复宁,1995-04-08,1995-04
扶植高雅艺术要持之以恒,1995-04-08,1995-04
珍贵的历史纪录,1995-04-08,1995-04
『百景中国画展』展出,1995-04-08,1995-04
《一家两制》拍摄成功,1995-04-08,1995-04
“中国不要丢弃自己的文化”,1995-04-08,1995-04
给中国动画片作史,1995-04-08,1995-04
《室内装饰品制作一百二十例》,1995-04-08,1995-04
站在领奖台上的孙晓军,1995-04-08,1995-04
“森林女神”的形象,1995-04-08,1995-04
浦江彩虹（画）,1995-04-08,1995-04
三峡纤夫走上屏幕,1995-04-08,1995-04
今日西藏妇女,1995-04-08,1995-04
农民呼唤日用品市场『返朴归真』（来信）,1995-04-09,1995-04
孔繁森事迹报告会在京举行,1995-04-09,1995-04
山也还是那座山,1995-04-09,1995-04
新疆八钢向年产１００万吨迈进,1995-04-09,1995-04
徐铁分局创党员安全生产纪录,1995-04-09,1995-04
洛阳建成大型紫铜盘管生产线,1995-04-09,1995-04
北京地区天气预报,1995-04-09,1995-04
自主开发  重在创新,1995-04-09,1995-04
爱的最高境界,1995-04-09,1995-04
美朝将恢复核会谈,1995-04-09,1995-04
海南国际椰子节成效显著,1995-04-09,1995-04
京九入津枢纽铺架桥梁,1995-04-09,1995-04
金沙江特大桥顺利合龙,1995-04-09,1995-04
掌声响起来,1995-04-09,1995-04
警钟敲起来,1995-04-09,1995-04
种粮带来百业兴,1995-04-09,1995-04
因地制宜大力发展农村经济,1995-04-09,1995-04
海南农行帮助农民闯市场,1995-04-09,1995-04
一季度工业生产保持稳定增长,1995-04-09,1995-04
标题新闻,1995-04-09,1995-04
十大损害消费者权益案曝光,1995-04-09,1995-04
深得人心之举,1995-04-09,1995-04
内贸部提出建设无假冒商品企业,1995-04-09,1995-04
西藏实施民族区域自治成绩显著,1995-04-09,1995-04
“格１０１管道工程”破土动工,1995-04-09,1995-04
繁森，您永远活在故乡人民心中,1995-04-09,1995-04
肝胆昭英气热血铸忠魂,1995-04-09,1995-04
澳门基本法知识竞赛揭晓,1995-04-09,1995-04
陈进财向『和平统一基金』捐款,1995-04-09,1995-04
做好军队转业干部安置工作,1995-04-09,1995-04
六十万产业职工踊跃参加,1995-04-09,1995-04
粤桂湘联手撤关卡,1995-04-09,1995-04
重提老话题,1995-04-09,1995-04
汶上县出土所谓『佛牙』之说失实,1995-04-09,1995-04
国家计委主办《中国经济导报》创刊,1995-04-09,1995-04
全国百佳新闻工作者报告会举行,1995-04-09,1995-04
江泽民接受五国大使国书,1995-04-09,1995-04
张万年要求全军统一组织力量编纂好《中国军事百科全书》,1995-04-09,1995-04
李岚清会见奥地利经济部长,1995-04-09,1995-04
葡萄牙总统访华途中抵澳门,1995-04-09,1995-04
粤桂湘联手撤关卡,1995-04-09,1995-04
中英联合联络小组发表新闻公报,1995-04-09,1995-04
科威特王储兼首相举行记者招待会,1995-04-09,1995-04
外事简讯,1995-04-09,1995-04
采撷成果展示风采,1995-04-09,1995-04
长沙市科技兴农渐入佳境,1995-04-09,1995-04
“手拉手———雏鹰万里行”出征,1995-04-09,1995-04
辽西鸟化石：让人欢喜让人忧,1995-04-09,1995-04
全国人大常委会将开展环保执法检查,1995-04-09,1995-04
宗教文化出版社成立,1995-04-09,1995-04
中国教育学会纪念杨贤江百年诞辰,1995-04-09,1995-04
比特公司推出新型排版软件,1995-04-09,1995-04
专业财务管理系统通过鉴定,1995-04-09,1995-04
中原环保行拉开帷幕,1995-04-09,1995-04
春雪降长春,1995-04-09,1995-04
土耳其开始部分撤军,1995-04-09,1995-04
无核国家需要安全保证,1995-04-09,1995-04
古智恢复外交关系,1995-04-09,1995-04
只为探求历史真实,1995-04-09,1995-04
日本友人协助修复南京城墙,1995-04-09,1995-04
保总理议长会见钱其琛,1995-04-09,1995-04
卢旺达悼念大仇杀死难者,1995-04-09,1995-04
埃以防止核扩散谈判未果,1995-04-09,1995-04
柑桔事件与贸易摩擦,1995-04-09,1995-04
美同意退还巴战斗机定金,1995-04-09,1995-04
沙雷否认叙以和谈取得进展,1995-04-09,1995-04
赖默被提名为美陆军参谋长,1995-04-09,1995-04
苏吉特连任印共（马）总书记,1995-04-09,1995-04
非国大表示不处分温妮,1995-04-09,1995-04
菲律宾清剿反政府武装,1995-04-09,1995-04
克林顿：无须向日道歉,1995-04-09,1995-04
俄破获一暗杀团伙,1995-04-09,1995-04
亚洲增长率将继续领先,1995-04-09,1995-04
雷诺经营有道,1995-04-09,1995-04
波中科技合作前景广阔,1995-04-09,1995-04
法国将退出《申根协定》,1995-04-09,1995-04
法国最大的科普中心———维莱特科学工业城,1995-04-09,1995-04
化沙漠为良田,1995-04-09,1995-04
法下调票据回购利率,1995-04-09,1995-04
限定发达国家温室气体排放量,1995-04-09,1995-04
欧洲应大力发展同亚洲关系,1995-04-09,1995-04
智利与拉美国家贸易增长,1995-04-09,1995-04
人民币市场汇价,1995-04-09,1995-04
欧盟财长讨论单一货币,1995-04-09,1995-04
第２１届阿根廷国际书展开幕,1995-04-09,1995-04
’９５汉诺威工业博览会结束,1995-04-09,1995-04
华沙第一条地铁开始运行,1995-04-09,1995-04
塔吉克斯坦将发行本国货币,1995-04-09,1995-04
韩国建成实验核反应堆,1995-04-09,1995-04
西萨摩亚近海发生７·９级地震,1995-04-09,1995-04
北京中华武术女子散打立擂大赛开始,1995-04-09,1995-04
走出误区,1995-04-09,1995-04
银荔杯象棋冠军赛揭幕,1995-04-09,1995-04
哈埃斯勃杯网球赛在京举行,1995-04-09,1995-04
中国队共获三金五银,1995-04-09,1995-04
中国队一胜二负,1995-04-09,1995-04
王川印象,1995-04-09,1995-04
全国游泳冠军赛创一项新纪录,1995-04-09,1995-04
亚羽联改选主席增加会员,1995-04-09,1995-04
北京举行京港网球联谊赛,1995-04-09,1995-04
振兴民族产业的一股清风,1995-04-10,1995-04
乔石接受两国记者采访,1995-04-10,1995-04
葡萄牙共和国总统苏亚雷斯,1995-04-10,1995-04
中国『四号机』的崛起,1995-04-10,1995-04
浩气震撼学子心,1995-04-10,1995-04
学孔繁森当人民公仆,1995-04-10,1995-04
珍珠与泥土,1995-04-10,1995-04
乔石会见厄瓜多尔客人,1995-04-10,1995-04
火车司机真风光,1995-04-10,1995-04
湖南农发行实施支农形象工程,1995-04-10,1995-04
河北三百万农业大军全力抗旱,1995-04-10,1995-04
潜力在山  希望在山,1995-04-10,1995-04
绥宁营林抓好锄头管住斧头,1995-04-10,1995-04
宜春办绿化点人走茶不凉,1995-04-10,1995-04
栖霞经济林成为顶梁柱,1995-04-10,1995-04
澄城十万亩麦田完成春灌,1995-04-10,1995-04
澄城的回答,1995-04-10,1995-04
济南海关为合法进出开绿灯,1995-04-10,1995-04
皇岗海关第一季度征税逾亿元,1995-04-10,1995-04
湖北查获一起贩卖假冒稻种案,1995-04-10,1995-04
无言的“证人”,1995-04-10,1995-04
九四电子十大科技成果评选揭晓,1995-04-10,1995-04
菲首都银行基金会奖励中国大学生,1995-04-10,1995-04
哥伦比亚祖母绿球在京展出,1995-04-10,1995-04
盐城制定政策鼓励发展棉花生产,1995-04-10,1995-04
大型真空冻干设备通过验收,1995-04-10,1995-04
“爱慕”杯女内衣设计大奖赛揭晓,1995-04-10,1995-04
三利牌绒线获纯羊毛标志,1995-04-10,1995-04
“菜篮子”书记,1995-04-10,1995-04
确保棉花产量,1995-04-10,1995-04
人民公仆的无私奉献之歌,1995-04-10,1995-04
铸在人们心中的不朽丰碑,1995-04-10,1995-04
献给西藏人民的一腔热血,1995-04-10,1995-04
倾注雪域高原的炽热情怀,1995-04-10,1995-04
呕心沥血寻找的致富之路,1995-04-10,1995-04
发展经济必须突出各地特色和优势,1995-04-10,1995-04
寄语“有关机关”,1995-04-10,1995-04
《劳动法》百日实施顺利,1995-04-10,1995-04
光明日报采编工作将告别纸与笔,1995-04-10,1995-04
切实解决消防事业滞后问题,1995-04-10,1995-04
省长棉田抓“落实”,1995-04-10,1995-04
乐于奉献的殡葬工,1995-04-10,1995-04
科威特王储兼首相访问上海,1995-04-10,1995-04
外事简讯,1995-04-10,1995-04
哥伦比亚副总统结束访华,1995-04-10,1995-04
奥地利中央合作银行北京代表处开业,1995-04-10,1995-04
方官富同志逝世,1995-04-10,1995-04
春满人间,1995-04-10,1995-04
北极科考队哈德孙湾练兵,1995-04-10,1995-04
亨通公司在老区设教育基金,1995-04-10,1995-04
何谓程控机与数字程控机？,1995-04-10,1995-04
超纲授课——拔苗助长,1995-04-10,1995-04
北京“爱鸟周”丰富多彩,1995-04-10,1995-04
苏州铁道师院培养复合型人才,1995-04-10,1995-04
日本地方选举揭晓,1995-04-10,1995-04
重要的一步,1995-04-10,1995-04
阿拉法特指责以扩建定居点,1995-04-10,1995-04
德纪念布痕瓦尔德集中营解放五十年,1995-04-10,1995-04
乌海军参谋长批评俄干涉内政,1995-04-10,1995-04
一周国际要闻回顾（四月三日至四月九日）,1995-04-10,1995-04
南非共产党九大闭幕,1995-04-10,1995-04
因卡塔自由党退出南非制宪进程,1995-04-10,1995-04
黎真主党民兵袭击以军,1995-04-10,1995-04
比利时追查阿古斯塔受贿案警方搜查克拉斯官邸住宅,1995-04-10,1995-04
阿政府军同塔利班战斗扩大,1995-04-10,1995-04
加沙发生爆炸事件,1995-04-10,1995-04
卡特表示愿再赴波黑,1995-04-10,1995-04
运送卢旺达难民车队遭袭击,1995-04-10,1995-04
冰岛议会选举揭晓,1995-04-10,1995-04
朝美核谈判前景不明,1995-04-10,1995-04
全球合作保护气候,1995-04-10,1995-04
经合组织批评美经援减少,1995-04-10,1995-04
美公司推出“全球电子图书馆”,1995-04-10,1995-04
德鼓励生产有利环境的产品,1995-04-10,1995-04
善经营抓效率重服务,1995-04-10,1995-04
在发展中国家,1995-04-10,1995-04
第１６届亚洲女篮赛将在日本举行,1995-04-10,1995-04
八一队善始善终全胜夺冠,1995-04-10,1995-04
日本乒乓球公开赛何智丽被淘汰,1995-04-10,1995-04
八强赛名次表,1995-04-10,1995-04
广东吴志前超一项蹼泳世界纪录,1995-04-10,1995-04
亚洲女子手球赛中国队获亚军,1995-04-10,1995-04
又见林莉,1995-04-10,1995-04
体育舞蹈冲浪有望进入奥运会,1995-04-10,1995-04
昨日决出六枚金牌,1995-04-10,1995-04
欧洲足球三大杯赛身价惊人,1995-04-10,1995-04
大连冰山女子自行车俱乐部成立,1995-04-10,1995-04
保护耕地为什么这样难！,1995-04-10,1995-04
持卡人盼望优质服务,1995-04-10,1995-04
建立自然肥市场,1995-04-10,1995-04
信用卡难普及原因种种,1995-04-10,1995-04
莫让农机具闲置,1995-04-10,1995-04
岂能如此收费,1995-04-10,1995-04
盲目征地  无人开发,1995-04-10,1995-04
一个无人管理的小村庄,1995-04-10,1995-04
水口库区“水匪船霸”猖獗,1995-04-10,1995-04
他心里装着群众,1995-04-10,1995-04
用人单位不按劳动合同支付工资怎么办？,1995-04-10,1995-04
改建国道抛荒土地,1995-04-10,1995-04
旅游点商贩要文明经商,1995-04-10,1995-04
来信点滴,1995-04-10,1995-04
警惕利用“小金库”犯罪,1995-04-10,1995-04
迟来的喜讯,1995-04-10,1995-04
小麦综合增产技术（二十项农业重点推广技术⑤）,1995-04-10,1995-04
河北：农资供不应求,1995-04-10,1995-04
庄河：农民买放心肥,1995-04-10,1995-04
山西：化肥供求趋缓,1995-04-10,1995-04
吉林：化肥需求增加,1995-04-10,1995-04
匾送“活财神”,1995-04-10,1995-04
头陀农户春耕  柴油无着落（来信）,1995-04-10,1995-04
临沭点石成“金”,1995-04-10,1995-04
育苗专业户的困惑,1995-04-10,1995-04
金华苗木让人忧,1995-04-10,1995-04
农民请保姆,1995-04-10,1995-04
加快棉花良种推广（来信）,1995-04-10,1995-04
棉农谈种棉,1995-04-10,1995-04
青蛙跳上生物工程大舞台,1995-04-10,1995-04
哲人仙去功业永存,1995-04-10,1995-04
更需另一种“善待”,1995-04-10,1995-04
“闰八月”和“天灾人祸”,1995-04-10,1995-04
警惕酸雨黑雨危害,1995-04-10,1995-04
沉默的杀手———钙缺乏症,1995-04-10,1995-04
一个新构想的命运,1995-04-10,1995-04
艺文短波,1995-04-10,1995-04
石碾声声,1995-04-10,1995-04
遥念白云山,1995-04-10,1995-04
村  戏（外一首）  割  草,1995-04-10,1995-04
申城百姓圆了地铁梦,1995-04-11,1995-04
江泽民会见美国客人,1995-04-11,1995-04
深圳社会保障体系初步形成,1995-04-11,1995-04
乔石抵东京开始对日本访问,1995-04-11,1995-04
『咱是党的人』,1995-04-11,1995-04
京城久旱逢春雨,1995-04-11,1995-04
北京地区天气预报,1995-04-11,1995-04
切实加强对基层党组织建设的领导（社论）,1995-04-11,1995-04
孔繁森事迹报告团赴外地巡回报告,1995-04-11,1995-04
李瑞环会见委内瑞拉客人,1995-04-11,1995-04
葡萄牙总统抵京,1995-04-11,1995-04
第１２届戏剧“梅花奖”揭晓,1995-04-11,1995-04
看市场抓现场,1995-04-11,1995-04
“眼”高“手”更高,1995-04-11,1995-04
吉林：占地一亩开发一亩,1995-04-11,1995-04
朔州：惜土如金劣地生金,1995-04-11,1995-04
煤炭安全生产隐患相当严重,1995-04-11,1995-04
追求有序,1995-04-11,1995-04
三株公司首次召开全国电话会议,1995-04-11,1995-04
洛阳大佳公司注重服务,1995-04-11,1995-04
北京鲲鹏集团肉食品生产系列化,1995-04-11,1995-04
授予刘义“人民的好森警”称号,1995-04-11,1995-04
实行规模经营增强整体实力沧州化学工业发展快,1995-04-11,1995-04
邮电部将发行第五套电话磁卡,1995-04-11,1995-04
闽粤赣共商构筑韩江经济圈,1995-04-11,1995-04
港澳经贸高级研修班在京开学,1995-04-11,1995-04
北京国际博览会贸易成果喜人,1995-04-11,1995-04
斯太尔汽车形成经济规模,1995-04-11,1995-04
北京齐天乐园开发运河旅游,1995-04-11,1995-04
工商业联合会美容业公会成立,1995-04-11,1995-04
繁森，你真的走了吗,1995-04-11,1995-04
继承爸爸遗志  实现人生价值,1995-04-11,1995-04
武警班荣皇用行动实践入党誓词,1995-04-11,1995-04
造就新世纪的华夏卫士,1995-04-11,1995-04
先忧后乐团结求索岳阳多形式开展爱国主义教育,1995-04-11,1995-04
为促进党风廉政建设提供组织保证,1995-04-11,1995-04
中国国际经济论坛年会开幕,1995-04-11,1995-04
天安门国旗护卫队为国旗再添光彩,1995-04-11,1995-04
泰《泰叻报》代表团访华,1995-04-11,1995-04
『喀喇昆仑模范医疗站』命名,1995-04-11,1995-04
会战银三角,1995-04-11,1995-04
孙翔教授逝世,1995-04-11,1995-04
首都命名一批文明单位,1995-04-11,1995-04
全国工商联举行推进光彩事业报告会,1995-04-11,1995-04
中国人民银行公布５月份人民币长期储蓄保值贴补率,1995-04-11,1995-04
《中国抗日战争史丛书》将出版,1995-04-11,1995-04
愿自觉纳税不再是新闻,1995-04-11,1995-04
『曹操』在魏都主动纳税,1995-04-11,1995-04
科威特王储兼首相结束访华,1995-04-11,1995-04
李岚清王光英分别会见美国客人,1995-04-11,1995-04
沈阳文化市场政出一门健康有序,1995-04-11,1995-04
国产大型系统软件平台开发成功,1995-04-11,1995-04
国家教委要求对学生进行爱国教育,1995-04-11,1995-04
我爱北京天安门,1995-04-11,1995-04
向国际一流迈进,1995-04-11,1995-04
浙江大学启动『五一一人才工程』,1995-04-11,1995-04
“世界教育、科学报告”中文版问世,1995-04-11,1995-04
小麦品种品质鉴评有结果,1995-04-11,1995-04
日本众参两院议长欢宴乔石,1995-04-11,1995-04
南联盟南塞总统会见钱其琛,1995-04-11,1995-04
美国选民为何不满,1995-04-11,1995-04
藤森再次当选秘鲁总统,1995-04-11,1995-04
藤森连选连任初析,1995-04-11,1995-04
巴警察逮捕百余名激进分子,1995-04-11,1995-04
美继续同俄进行核合作,1995-04-11,1995-04
阿拉伯劳工大会闭幕,1995-04-11,1995-04
地中海论坛国家外长开会,1995-04-11,1995-04
俄驻格鲁吉亚机构遭袭击,1995-04-11,1995-04
伊朗指责美歪曲其核计划,1995-04-11,1995-04
美政府支持大量出口武器,1995-04-11,1995-04
墨政府与游击队同意恢复和谈,1995-04-11,1995-04
斯政府与猛虎组织谈判,1995-04-11,1995-04
萨拉热窝市中心遭炮击,1995-04-11,1995-04
菲律宾１１名官员被撤职,1995-04-11,1995-04
艰难的选择,1995-04-11,1995-04
瑞典政府提高工作效率,1995-04-11,1995-04
世界绝大多数国家实行五天工作制,1995-04-11,1995-04
日元汇率急升直逼８０大关,1995-04-11,1995-04
科特迪瓦禁猎新招,1995-04-11,1995-04
英将举办“神奇的古代中国”展,1995-04-11,1995-04
欧盟财长商讨货币统一,1995-04-11,1995-04
沙特阿拉伯将与天津港通航,1995-04-11,1995-04
第２３届日内瓦国际发明展闭幕,1995-04-11,1995-04
列支敦士登加入欧洲经济区,1995-04-11,1995-04
美商业化计算机网络用户大增,1995-04-11,1995-04
也门妇女界瞩望北京大会,1995-04-11,1995-04
电子钱袋登场德国硬币退休,1995-04-11,1995-04
人民币市场汇价,1995-04-11,1995-04
美利坚公司看好中国民航市场,1995-04-11,1995-04
南亚将实施优惠贸易,1995-04-11,1995-04
卷土重来的段嵘,1995-04-11,1995-04
全国游泳冠军赛结束上海队夺得团体总分第一,1995-04-11,1995-04
世界一级方程式赛车锦标赛第二站英国车手希尔夺得冠军,1995-04-11,1995-04
中国选手超两项挺举亚洲纪录,1995-04-11,1995-04
围棋名人战第一阶段赛事落幕,1995-04-11,1995-04
羽翼未丰,1995-04-11,1995-04
浙江成立足球俱乐部,1995-04-11,1995-04
北京市民健身系列活动将推出,1995-04-11,1995-04
全国国际象棋锦标赛王战胜叶荣光,1995-04-11,1995-04
普华杯网球赛在京举行,1995-04-11,1995-04
树立正确的破产观搞好国有企业破产试点,1995-04-11,1995-04
弘扬中华民族优秀武德传统,1995-04-11,1995-04
从企业资金紧张说起,1995-04-11,1995-04
《现代科学的大历史观》简介,1995-04-11,1995-04
“读书”与“明理”,1995-04-11,1995-04
『京津青年盼世乒』晚会在天津举行,1995-04-11,1995-04
展现中国风情弘扬民族文化,1995-04-11,1995-04
周『双面画』在京首次展出,1995-04-11,1995-04
欲卖书画好困惑,1995-04-11,1995-04
文化广角朝阳市佑顺寺（速写）,1995-04-11,1995-04
党费不能年终结算由集体总付,1995-04-11,1995-04
改革实干家,1995-04-11,1995-04
连云港为农村干部请教师建“课堂”,1995-04-11,1995-04
认识自己不容易,1995-04-11,1995-04
南桐煤矿注重维护党员合法权益,1995-04-11,1995-04
丹铁分局党风廉政建设有实效,1995-04-11,1995-04
敢于碰硬,1995-04-11,1995-04
陈云同志在北京逝世,1995-04-12,1995-04
『万村书库』工程落户广安,1995-04-12,1995-04
福建治理水土流失面积１万多平方公里,1995-04-12,1995-04
京九铁路黄河特大桥双线铺通,1995-04-12,1995-04
全国最大ＰＳ版生产线在郑州开工,1995-04-12,1995-04
南方红黄壤综合治理研究获进展,1995-04-12,1995-04
北京地区天气预报,1995-04-12,1995-04
全国农村信用合作社捐款支持三峡库区信用社搬迁,1995-04-12,1995-04
乌铁局安全行车１３００天,1995-04-12,1995-04
衡阳加快安居工程建设,1995-04-12,1995-04
广西新增基建投资九成用于农业,1995-04-12,1995-04
地震资料解释软件研制成功,1995-04-12,1995-04
中国经济与世界经济的共同繁荣,1995-04-12,1995-04
纺织总会表彰劳模和先进集体,1995-04-12,1995-04
又到江南育蚕时,1995-04-12,1995-04
客运货运安全皆创优铁路运输首季生产开门红,1995-04-12,1995-04
赣州喜闻火车叫,1995-04-12,1995-04
绿色产业日益壮大产业研究提上日程,1995-04-12,1995-04
高速动力车车体施工设计成功,1995-04-12,1995-04
献县系列铅笔享誉海外,1995-04-12,1995-04
鄯乌输气管线即将开工,1995-04-12,1995-04
大型纪实文学集《明星之路》出版,1995-04-12,1995-04
栖霞县委重视年轻干部的培养,1995-04-12,1995-04
精神永存,1995-04-12,1995-04
浙江广厦集团向中国青年志愿者协会捐款,1995-04-12,1995-04
特快列车开办专题广播,1995-04-12,1995-04
某旅党委热忱为基层办实事,1995-04-12,1995-04
对同志像一团火,1995-04-12,1995-04
《孔繁森》一书即将出版,1995-04-12,1995-04
罗干在全国消防工作会议上指出要依法治理重大火险隐患,1995-04-12,1995-04
要加大实施“送温暖工程”力度,1995-04-12,1995-04
南京军区某部支援老区春耕生产,1995-04-12,1995-04
某雷训大队注重教员队伍建设,1995-04-12,1995-04
杀害崔大庆烈士凶手被处决,1995-04-12,1995-04
老区盐城注重基地建设,1995-04-12,1995-04
电视剧《孔繁森》即将开拍,1995-04-12,1995-04
中国满怀信心走向二十一世纪,1995-04-12,1995-04
江泽民主席同苏亚雷斯总统会谈,1995-04-12,1995-04
乔石委员长同日本明仁天皇会见,1995-04-12,1995-04
中美应以务实态度发展经贸关系,1995-04-12,1995-04
加快民族地区立法和经济发展步伐,1995-04-12,1995-04
迎难而上,1995-04-12,1995-04
乔石委员长同村山首相会见,1995-04-12,1995-04
荣毅仁会见德国客人,1995-04-12,1995-04
荣毅仁会见厄瓜多尔客人,1995-04-12,1995-04
方皋同志逝世,1995-04-12,1995-04
外事简讯,1995-04-12,1995-04
依靠科技  兴赣富民,1995-04-12,1995-04
邱氏鼠药含有剧毒物质国务院办公厅批准销毁,1995-04-12,1995-04
科技之光,1995-04-12,1995-04
就怕不了解,1995-04-12,1995-04
生命的奇迹,1995-04-12,1995-04
科学家关注太阳能开发利用,1995-04-12,1995-04
中华慈善总会招收创始会员,1995-04-12,1995-04
立足国内市场开展国际竞争联想集团成绩骄人,1995-04-12,1995-04
乔石会见日众参两院议长,1995-04-12,1995-04
日众参两院议长为乔石举行招待会,1995-04-12,1995-04
调整两国关系  促进经贸合作,1995-04-12,1995-04
贝·布托要求美交付军事装备,1995-04-12,1995-04
从前南看维和行动,1995-04-12,1995-04
钱其琛阐述中国对前南地区危机立场,1995-04-12,1995-04
巴下令解除伊斯兰组织武装,1995-04-12,1995-04
南总理议长会见钱其琛,1995-04-12,1995-04
维和部队向波黑塞族发空袭警告,1995-04-12,1995-04
俄驻塔部队高度戒备,1995-04-12,1995-04
李钟玉强调发展朝中友谊,1995-04-12,1995-04
南非共产党领导人会见谢世杰,1995-04-12,1995-04
美否认朝启用核反应堆,1995-04-12,1995-04
多尔宣布竞选美总统,1995-04-12,1995-04
人民币市场汇价（中国人民银行公布）,1995-04-12,1995-04
中国给世界带来机遇,1995-04-12,1995-04
印度教徒集体沐浴,1995-04-12,1995-04
菲亚特何以扭亏为盈,1995-04-12,1995-04
加利任命贝拉米为儿童基金会执行主任,1995-04-12,1995-04
巴西将减少咖啡出口,1995-04-12,1995-04
巴拿马香蕉出口下降,1995-04-12,1995-04
墨西哥发现３处油田,1995-04-12,1995-04
雅典治理空气污染,1995-04-12,1995-04
韩国客车火车相撞,1995-04-12,1995-04
美欧日韩争夺亚洲汽车市场,1995-04-12,1995-04
美妇女集会抗议暴力行为,1995-04-12,1995-04
去年自然灾害频仍世界保险业赔偿１８８亿美元,1995-04-12,1995-04
美元略升,1995-04-12,1995-04
西方国家推行电子护照,1995-04-12,1995-04
英国电话号码全部升位,1995-04-12,1995-04
泰定４月１３日为老年日,1995-04-12,1995-04
世乒赛陈李济杯好新闻评选活动已展开,1995-04-12,1995-04
中日韩青少年体育交流大会将在唐山举行,1995-04-12,1995-04
平平淡淡亦是真,1995-04-12,1995-04
全国武术散手擂台邀请赛结束,1995-04-12,1995-04
中国队男女团体总分均获第一,1995-04-12,1995-04
我选手获远东保龄球锦标赛两银一铜,1995-04-12,1995-04
太平洋女子冰球赛中国队获铜牌,1995-04-12,1995-04
足球试行暂停制褒贬不一,1995-04-12,1995-04
中国高尔夫球巡回赛在深圳开杆,1995-04-12,1995-04
首届中国篮球明星赛在沪举行,1995-04-12,1995-04
个体医疗点亟待整顿,1995-04-12,1995-04
“生命热线”的呼唤,1995-04-12,1995-04
采絮毁春,1995-04-12,1995-04
少儿图书出版市场问题不少,1995-04-12,1995-04
湘黔复线阻工事件已处理,1995-04-12,1995-04
找个好词做广告,1995-04-12,1995-04
中国家电：挑战世界名牌,1995-04-12,1995-04
新技术·新产品,1995-04-12,1995-04
三叔“当了回县长”,1995-04-12,1995-04
靠特色竞争,1995-04-12,1995-04
洗浴中心中谁心,1995-04-12,1995-04
喜见杜甫书法碑,1995-04-12,1995-04
大学生求职找市场,1995-04-12,1995-04
款子与点子,1995-04-12,1995-04
难怪俺们缺水吃（美术）,1995-04-12,1995-04
试析新时期利益格局变化的几个热点问题,1995-04-12,1995-04
科学地研究现实研究历史,1995-04-12,1995-04
都市史研究的丰硕成果,1995-04-12,1995-04
与天试比高,1995-04-12,1995-04
福建芳华越剧团进京演出《玉蜻蜓》,1995-04-12,1995-04
张建国奚派专场演出在京举行,1995-04-12,1995-04
电视剧《农民的儿子》三人谈,1995-04-12,1995-04
丁凡不凡,1995-04-12,1995-04
电视连续剧《东方商人》开播,1995-04-12,1995-04
电视剧《天路》受好评,1995-04-12,1995-04
《农民的儿子》在京研讨,1995-04-12,1995-04
李鹏会见苏亚雷斯总统,1995-04-13,1995-04
共产党人的荣辱观,1995-04-13,1995-04
中国政局稳定有条件较快发展,1995-04-13,1995-04
铁路工程保障专家系统建成,1995-04-13,1995-04
北京地区天气预报,1995-04-13,1995-04
陈云同志住院病重期间党和国家领导人前往看望,1995-04-13,1995-04
江泽民会见韩国三星集团会长,1995-04-13,1995-04
国务院学位委员会新一届组成人员名单,1995-04-13,1995-04
乔石继续在日本参观访问,1995-04-13,1995-04
海南早稻面积增加长势喜人,1995-04-13,1995-04
贵阳实施治理城市酸雨工程,1995-04-13,1995-04
发挥能源基地优势促进经济发展,1995-04-13,1995-04
利安锁厂积极研制新产品,1995-04-13,1995-04
用好这个“减震器”,1995-04-13,1995-04
多缴三百万亏不亏,1995-04-13,1995-04
为让市民吃上便宜鲜菜北京首家蔬菜产销协会成立,1995-04-13,1995-04
桂林侦破一起倒卖增值税发票大案,1995-04-13,1995-04
卓越空调器厂高起点开发产品,1995-04-13,1995-04
深圳南山区制订十五年发展规划,1995-04-13,1995-04
中国要有自己的大企业集团,1995-04-13,1995-04
铁五局架桥破全国架梁纪录,1995-04-13,1995-04
海尔家族又添新成员,1995-04-13,1995-04
中国金融改革展望研讨会在京举行,1995-04-13,1995-04
求发展不搞花架子,1995-04-13,1995-04
加强对拍卖专业人员培训考核,1995-04-13,1995-04
石油天然气总公司表彰先进,1995-04-13,1995-04
铁道部：优化旅客列车开行,1995-04-13,1995-04
民  航：创造特色名牌服务,1995-04-13,1995-04
湖北凯乐公司加强质量管理,1995-04-13,1995-04
苏州金阊商业改革见成效,1995-04-13,1995-04
生命的最后十四天,1995-04-13,1995-04
湖南省教委领导被查处,1995-04-13,1995-04
煤炭系统百万青工争当岗位能手,1995-04-13,1995-04
记者的遗憾,1995-04-13,1995-04
如今电话装村头,1995-04-13,1995-04
政治工作永远是我军生命线,1995-04-13,1995-04
事事有着落件件有回音安远群众信访办理率达百分之百,1995-04-13,1995-04
沈空某旅党委健全民主监督,1995-04-13,1995-04
第一个月的工资,1995-04-13,1995-04
提高全民族素质  培养高层次人才,1995-04-13,1995-04
世界传播集团成员来华交流,1995-04-13,1995-04
李鹏会见以色列财政部长,1995-04-13,1995-04
李鹏会见韩国三星集团会长,1995-04-13,1995-04
从『儒商』说徽商,1995-04-13,1995-04
荣毅仁会见苏亚雷斯总统,1995-04-13,1995-04
李岚清会见德国客人,1995-04-13,1995-04
全国劳模和先进工作者表彰大会宣传口号,1995-04-13,1995-04
中日环境研讨会在京举行,1995-04-13,1995-04
杜文达同志逝世,1995-04-13,1995-04
四月十五日可见月偏食,1995-04-13,1995-04
新华社香港分社举行区事顾问座谈会,1995-04-13,1995-04
葡萄牙总统向袁方等授勋,1995-04-13,1995-04
当年传唱战地今日重温历史《抗战名曲１００首》面世,1995-04-13,1995-04
东风轮胎厂开展青工技术比武,1995-04-13,1995-04
科普是提高全民族素质的关键,1995-04-13,1995-04
优生优育好,1995-04-13,1995-04
医科院肿瘤所实施公开招聘选拔跨世纪学科带头人,1995-04-13,1995-04
吴慧英获国际大奖,1995-04-13,1995-04
中西结合标本兼治白癜风遇克星,1995-04-13,1995-04
国家教委发出紧急通知确保学生春游安全,1995-04-13,1995-04
北极科考队完成第一阶段训练,1995-04-13,1995-04
研究所成为生产与市场的桥梁,1995-04-13,1995-04
提高质量办出特色胶南市向素质教育转轨,1995-04-13,1995-04
山海关机务段靠科技节能,1995-04-13,1995-04
政局稳定经济改善,1995-04-13,1995-04
日各界对陈云逝世表示哀悼,1995-04-13,1995-04
政党失信于民,1995-04-13,1995-04
推动中日关系稳定发展,1995-04-13,1995-04
爱尔兰海军扣押三艘西班牙渔船,1995-04-13,1995-04
卢布兑美元突破５０００大关,1995-04-13,1995-04
加要求欧盟批准渔业协议西反对在谈判中让步,1995-04-13,1995-04
黑山总统总理会见钱其琛,1995-04-13,1995-04
温妮复职,1995-04-13,1995-04
克林顿与贝·布托会谈,1995-04-13,1995-04
向无核国家提供安全保证,1995-04-13,1995-04
格拉乔夫反对向塔吉克增兵,1995-04-13,1995-04
我两名技术员在柬罹难,1995-04-13,1995-04
巴勒斯坦官员住宅遭枪击,1995-04-13,1995-04
墨西哥“价格俱乐部”,1995-04-13,1995-04
让商店贴近居民,1995-04-13,1995-04
东京著名的廉价综合商店———“多庆屋”,1995-04-13,1995-04
价廉物美,1995-04-13,1995-04
在仓储店买家具,1995-04-13,1995-04
顾客＝效益,1995-04-13,1995-04
华盛顿郊区仓储式商店一角,1995-04-13,1995-04
欢迎亚奥理事会成员协会相聚哈尔滨,1995-04-13,1995-04
为民族体育工业扬威,1995-04-13,1995-04
中国高尔夫球巡回赛张连伟首站夺冠,1995-04-13,1995-04
全国象棋冠军赛在桂收盘许银川胡明分获男女冠军,1995-04-13,1995-04
中国女篮结束在琼训练,1995-04-13,1995-04
一级方程式赛车ＡＢＣ,1995-04-13,1995-04
首届全国舞龙比赛将在京举行,1995-04-13,1995-04
城运会田径预赛在重庆开始,1995-04-13,1995-04
金融稳定是我国国民经济健康发展的重要保证,1995-04-13,1995-04
为找到制止“吃喝玩乐”歪风的突破口叫好,1995-04-13,1995-04
从战略的高度认识和推进国有企业改革,1995-04-13,1995-04
省级政府应加强对国有资产的管理,1995-04-13,1995-04
现代的米罗“东方的”米罗,1995-04-13,1995-04
写来琼果供君尝,1995-04-13,1995-04
三峡之旅（套色版画）,1995-04-13,1995-04
惊心岁月诗千首  过眼云烟画一叉（书法）,1995-04-13,1995-04
春到江南（油画）,1995-04-13,1995-04
尺幅之地大有可为,1995-04-13,1995-04
建设中的北京西客站  （速写）,1995-04-13,1995-04
雨濛濛（中国画）,1995-04-13,1995-04
轻舟（速写）,1995-04-13,1995-04
川道风光（速写）,1995-04-13,1995-04
春晓（中国画）,1995-04-13,1995-04
故事发生在孝敬乡,1995-04-13,1995-04
哈铁十七万青工岗位练兵身手不凡,1995-04-13,1995-04
公民与公民意识,1995-04-13,1995-04
爱心箱,1995-04-13,1995-04
来自丹顶鹤故乡的姑娘,1995-04-13,1995-04
飞掠大漠,1995-04-13,1995-04
水乡春色（摄影）,1995-04-13,1995-04
人走水流话高低,1995-04-13,1995-04
遥想梨花小城,1995-04-13,1995-04
敬贺冰心（汉徘四首）,1995-04-13,1995-04
李鹏会见纺织战线劳模先进集体代表,1995-04-14,1995-04
武汉长江公路桥合龙,1995-04-14,1995-04
让『共和国长子』更有活力,1995-04-14,1995-04
北京地区天气预报,1995-04-14,1995-04
抓住机遇把军转民工作推向新阶段,1995-04-14,1995-04
全国减轻农民负担工作取得进展,1995-04-14,1995-04
乔石继续在日本访问,1995-04-14,1995-04
马绍尔总统将访华,1995-04-14,1995-04
李鹏总理看望农民矿长,1995-04-14,1995-04
统筹规划有步骤地实施各项改革和建设,1995-04-14,1995-04
４３届世乒赛筹备工作基本就绪李铁映等听取汇报,1995-04-14,1995-04
玉米封顶小麦缠腰大豆铺底巴盟立体农业做出大文章,1995-04-14,1995-04
流动再快些,1995-04-14,1995-04
扬易方扶贫有方争当全国养猪王,1995-04-14,1995-04
证监会作出廉洁自律规定,1995-04-14,1995-04
规模经营科学饲养精深加工安达养牛业带动经济发展,1995-04-14,1995-04
模拟市场核算实行成本否决三千企业深入邯钢学经验,1995-04-14,1995-04
搞好生产运行协调工作,1995-04-14,1995-04
建立责任制度排除人为干扰第三次工业普查制定质量保证,1995-04-14,1995-04
去岁尝到甜头今朝争相投入湖北产粮大镇力创新高,1995-04-14,1995-04
鄂钢资金运行效率全行业领先流动资金周转一次７４．８天,1995-04-14,1995-04
学习贯彻“人行法”研讨会在京举行,1995-04-14,1995-04
北京诺基亚移动通信有限公司成立,1995-04-14,1995-04
’９５国际食品加工及包装机械展举行,1995-04-14,1995-04
行业管理高级研讨会在京召开,1995-04-14,1995-04
生物酶法提取多肽研究获专利,1995-04-14,1995-04
工商银行东京代表处正式开业,1995-04-14,1995-04
做好宣传思想工作需要注意把握的几个问题,1995-04-14,1995-04
努力减少无效忙,1995-04-14,1995-04
我军领率机关大兴求真务实新风,1995-04-14,1995-04
十三世嘉雅活佛转世灵童坐床典礼举行,1995-04-14,1995-04
朱鎔基会见英国前首相希思,1995-04-14,1995-04
全面提高纪检监察干部素质,1995-04-14,1995-04
“模范医疗惠侨科”命名大会举行,1995-04-14,1995-04
狠刹公款吃喝玩乐风,1995-04-14,1995-04
葡萄牙总统离京赴西安访问,1995-04-14,1995-04
宋健会见美国核管会主席,1995-04-14,1995-04
云南地方立法成效显著,1995-04-14,1995-04
英方行为使香港公务员无所适从,1995-04-14,1995-04
六所大学校长赴台访问,1995-04-14,1995-04
波音７７７客机首次在京飞行表演,1995-04-14,1995-04
“世界第一”降生北大方正集团“当代毕升”畅谈人才成长环境,1995-04-14,1995-04
心系教育公仆情,1995-04-14,1995-04
国家教委要求中小学最迟今秋实行新工时制,1995-04-14,1995-04
复方益肝丸正式投产,1995-04-14,1995-04
我国辐射加工产业方兴未艾,1995-04-14,1995-04
中华慈善总会会长崔乃夫答记者问,1995-04-14,1995-04
１９９７快些来吧,1995-04-14,1995-04
首都高校科技成果发布会举行,1995-04-14,1995-04
商丘破获伪造贩卖大专文凭案,1995-04-14,1995-04
唐山东矿聋哑学校教育有特色,1995-04-14,1995-04
哀悼陈云同志逝世,1995-04-14,1995-04
乔石会见河野洋平和经团联负责人,1995-04-14,1995-04
贝·布托访美：巴美关系松动,1995-04-14,1995-04
波黑 ───联络小组开始新一轮斡旋,1995-04-14,1995-04
冰岛总统会见钱其琛,1995-04-14,1995-04
安理会呼吁塔各方尽早会谈,1995-04-14,1995-04
战后车臣百废待兴,1995-04-14,1995-04
中非共和国总统任命新总理,1995-04-14,1995-04
韩埃建立大使级外交关系,1995-04-14,1995-04
保亚签署友好合作条约,1995-04-14,1995-04
古美将举行新一轮移民谈判,1995-04-14,1995-04
斯与猛虎组织达成部分协议,1995-04-14,1995-04
该对谁感到失望,1995-04-14,1995-04
美朝在柏林重开谈判,1995-04-14,1995-04
中美副外长举行政治磋商,1995-04-14,1995-04
巴警方开始收缴非法武器,1995-04-14,1995-04
卢旺达难民营遭到武装袭击,1995-04-14,1995-04
『关掉电视一周』,1995-04-14,1995-04
向俄提供救急贷款６８亿美元,1995-04-14,1995-04
春满谊园,1995-04-14,1995-04
人民币市场汇价（中国人民银行公布）,1995-04-14,1995-04
亚洲区域合作方兴未艾,1995-04-14,1995-04
美展示数字化三维电视技术,1995-04-14,1995-04
计算机能帮助心理治疗,1995-04-14,1995-04
朝副总理会见我代表团,1995-04-14,1995-04
中波签署卫生合作协定,1995-04-14,1995-04
巴西美国签署缉毒协议,1995-04-14,1995-04
亚的斯亚贝巴博览会开幕,1995-04-14,1995-04
智利发生严重森林火灾,1995-04-14,1995-04
乌克兰拟建地下核电站,1995-04-14,1995-04
巴西免除部分产品进口税,1995-04-14,1995-04
伊拉克物价暴涨,1995-04-14,1995-04
美将成立亚太贸易政策委员会,1995-04-14,1995-04
“去中国旅游！”,1995-04-14,1995-04
中国体育摄影十杰评选开始,1995-04-14,1995-04
八城市申办世界田径锦标赛,1995-04-14,1995-04
富有艺术美感的运动,1995-04-14,1995-04
新加坡足球队加紧备战奥运会外围赛,1995-04-14,1995-04
湖北上海男队北京浙江女队将争冠,1995-04-14,1995-04
国际军体理事会代表大会将在京举行,1995-04-14,1995-04
中国田径女子优势减弱男子有所进步,1995-04-14,1995-04
ＡＣ米兰卷土重来,1995-04-14,1995-04
跟踪采访（美术）,1995-04-14,1995-04
中国队获男女团体冠军,1995-04-14,1995-04
在自己的“哨位”上奉献,1995-04-14,1995-04
讴歌为国旗增辉的人们,1995-04-14,1995-04
我更加热爱国旗,1995-04-14,1995-04
敬业，从自身做起,1995-04-14,1995-04
多好的战士多好的记者,1995-04-14,1995-04
用高质量的报道鼓舞人,1995-04-14,1995-04
二十一岁的人生（普通人的故事）,1995-04-14,1995-04
怎样为《今日谈》写稿,1995-04-14,1995-04
多一点道德勇气,1995-04-14,1995-04
层层承包  法人负责,1995-04-14,1995-04
专家献计,1995-04-14,1995-04
吹牛的代价,1995-04-14,1995-04
保福备耕,1995-04-14,1995-04
『种子大王』重奖示范户,1995-04-14,1995-04
尚戽农民办起土地股份公司,1995-04-14,1995-04
徐丙实自费设奖,1995-04-14,1995-04
农民企业家设支农基金,1995-04-14,1995-04
花轿第一村,1995-04-14,1995-04
经济作物综合增产技术（二十项农业重点推广技术⑥）,1995-04-14,1995-04
成安县兴起股份农机热,1995-04-14,1995-04
生态农业兴恭城,1995-04-14,1995-04
“庄稼医生”到田头,1995-04-14,1995-04
博望镇出现股份试验田,1995-04-14,1995-04
河南农民建股份制市场,1995-04-14,1995-04
农机公司支农忙,1995-04-14,1995-04
港商投资内地有信心,1995-04-14,1995-04
一颗炽热的中国心,1995-04-14,1995-04
“草原本来就是我的家”,1995-04-14,1995-04
闻喜县台属脱贫致富,1995-04-14,1995-04
来自香港的感谢,1995-04-14,1995-04
科技日报载文谈科普重点：提高劳动者素质,1995-04-14,1995-04
思想政治工作八种本领,1995-04-14,1995-04
上海反暴利一年,1995-04-14,1995-04
看云图知天气,1995-04-14,1995-04
广告要逐步走向规范,1995-04-14,1995-04
什么是金企工程,1995-04-14,1995-04
“飞去来”（美术）,1995-04-14,1995-04
电子商务多姿多彩,1995-04-14,1995-04
香港回归在即深圳人才市场兴旺,1995-04-14,1995-04
李鹏会见杰出青年科学家,1995-04-15,1995-04
三月各地商品零售价格上涨幅度表,1995-04-15,1995-04
“汉族和藏族拥有同一个母亲”,1995-04-15,1995-04
宜兴营造外向农业系统工程,1995-04-15,1995-04
北京地区天气预报,1995-04-15,1995-04
广泛开展向孔繁森同志学习活动,1995-04-15,1995-04
国家设杰出青年科学基金４９位青年学者首获资助,1995-04-15,1995-04
各省（区、市）３月商品零售价格上涨幅度表,1995-04-15,1995-04
３５个大中城市３月商品零售价格上涨幅度表,1995-04-15,1995-04
成立农产品生产加工销售联席会议山东创汇农业富有生机,1995-04-15,1995-04
中共中央决定吴官正任江西省委书记,1995-04-15,1995-04
孔繁森是振奋党心民心的好典型,1995-04-15,1995-04
『蛋糕』越做越大,1995-04-15,1995-04
珍惜国有资产,1995-04-15,1995-04
ＳＨＧ脱硫除尘器通过鉴定,1995-04-15,1995-04
河南绿化滑坡县实干雪耻,1995-04-15,1995-04
胡寿元出奇制胜,1995-04-15,1995-04
石家庄郊区菜园丰粮袋满,1995-04-15,1995-04
全国产品服务质量跟踪调查揭晓,1995-04-15,1995-04
九江大化肥工程进展顺利,1995-04-15,1995-04
黑龙江人保公司承保高速路建设,1995-04-15,1995-04
九五泰国文化美食节将在京举行,1995-04-15,1995-04
辛集税务局开展廉政访谈活动,1995-04-15,1995-04
北奥公司经营七年创佳绩,1995-04-15,1995-04
大斗沟矿连续两年人均利税逾万元,1995-04-15,1995-04
“仪环”小产品赢得大效益,1995-04-15,1995-04
中山市捣毁一间地下工场,1995-04-15,1995-04
东部闲置可利用设备物资将大举西进,1995-04-15,1995-04
今年打假重点是群众生活必需品,1995-04-15,1995-04
康丽亭系列营养品面市,1995-04-15,1995-04
征询《行政监察法》（草案）修改意见新增聘１１位特邀监察员,1995-04-15,1995-04
女儿心中的孔繁森（深切怀念孔繁森同志）,1995-04-15,1995-04
宁乡增强村党支部凝聚力,1995-04-15,1995-04
雄县调整一批农村党支部班子,1995-04-15,1995-04
江阴党校培训干部走新路,1995-04-15,1995-04
公安部有关负责人谈《租赁房屋治安管理规定》,1995-04-15,1995-04
应丰富和发展改造罪犯理论,1995-04-15,1995-04
昆明百货大楼爆炸案两名主犯伏法,1995-04-15,1995-04
二炮第一研究所人生观教育经常化,1995-04-15,1995-04
“为农村儿童送戏工程”拉开帷幕,1995-04-15,1995-04
外事简讯,1995-04-15,1995-04
继承中华传统文化共襄两岸交流盛举,1995-04-15,1995-04
湖南查处一起特大走私小轿车案,1995-04-15,1995-04
增进了解和友谊探讨合作新途径,1995-04-15,1995-04
多些“守关”意识,1995-04-15,1995-04
北京制定外地来京务工经商人员管理条例,1995-04-15,1995-04
江主席任免一批驻外大使,1995-04-15,1995-04
电视剧《阿曼尼莎汗王妃》在京首映,1995-04-15,1995-04
美国无权干预香港事务,1995-04-15,1995-04
优秀畅销书选摘征文活动举行,1995-04-15,1995-04
王兆国会见杨敏德女士,1995-04-15,1995-04
成都检查新闻媒体广告,1995-04-15,1995-04
全国少年儿童书画赛开始举办,1995-04-15,1995-04
创造新优势再上新台阶高新技术产业火炬带耀亮闽江,1995-04-15,1995-04
高等教育毕业文凭情况如何,1995-04-15,1995-04
第１０届世界烟草或健康大会组委会成立,1995-04-15,1995-04
海山森林公园,1995-04-15,1995-04
梧州市社科研究引入竞争机制,1995-04-15,1995-04
离去在月华如水之夜,1995-04-15,1995-04
国内首创康热宝系列产品,1995-04-15,1995-04
依法治教是发展教育的根本办法,1995-04-15,1995-04
解烟毒新产品通过鉴定,1995-04-15,1995-04
新型饲料预混料面世,1995-04-15,1995-04
油橄榄栽培加工研究取得突破,1995-04-15,1995-04
北京将建世界儿童和平墙,1995-04-15,1995-04
第三届大学生电影节开幕,1995-04-15,1995-04
也谈制裁,1995-04-15,1995-04
睦邻友好发展经济,1995-04-15,1995-04
平壤举行中央报告大会,1995-04-15,1995-04
冲突各方固守立场国际调解束手无策,1995-04-15,1995-04
叙外长否认叙以参谋长将会晤,1995-04-15,1995-04
阿拉法特否认与巴激进组织和解,1995-04-15,1995-04
拉宾不反对最终拆除犹太人定居点,1995-04-15,1995-04
又一名维和军人在波黑被打死,1995-04-15,1995-04
俄战斗机轰炸阿富汗北部,1995-04-15,1995-04
波总统瓦文萨之子被判刑,1995-04-15,1995-04
华尔街股市又登新高,1995-04-15,1995-04
乔石继续在日本访问,1995-04-15,1995-04
钱其琛与冰岛总理外长会谈,1995-04-15,1995-04
李钟玉会见我广电部代表团,1995-04-15,1995-04
美总统助理和代国务卿会见刘华秋,1995-04-15,1995-04
官复原职仅一天温妮再次被解职,1995-04-15,1995-04
美朝核会谈再次中断,1995-04-15,1995-04
美威胁对日实施贸易报复,1995-04-15,1995-04
日本贴现率降至１％,1995-04-15,1995-04
克林顿谈美元贬值,1995-04-15,1995-04
今朝女杰踞上游,1995-04-15,1995-04
母亲的选择,1995-04-15,1995-04
阿米什人的田园牧歌,1995-04-15,1995-04
梅兰芳访苏轶事,1995-04-15,1995-04
与雪共舞,1995-04-15,1995-04
全国网球团体锦标赛收拍湖北北京分获男女冠军,1995-04-15,1995-04
体育简讯,1995-04-15,1995-04
巴西队教练称“不得冠军就是失败”,1995-04-15,1995-04
源于生活  高于生活（美术）,1995-04-15,1995-04
『拧』不可取,1995-04-15,1995-04
世界青年足球锦标赛揭幕,1995-04-15,1995-04
谢军练兵忙,1995-04-15,1995-04
全国农运会会徽吉祥物确定,1995-04-15,1995-04
首届环太平洋运动会将有高水平较量,1995-04-15,1995-04
英国足坛劲旅阿森纳队下月访华,1995-04-15,1995-04
十佳评选幸运抽奖揭晓,1995-04-15,1995-04
韩国釜山提出举办２００２年亚运会计划,1995-04-15,1995-04
秋林妈妈,1995-04-15,1995-04
要敢于争先,1995-04-15,1995-04
把目光投向攀西,1995-04-15,1995-04
壮乡三月歌如潮,1995-04-15,1995-04
镌刻在群山与蓝天上的苍莽人生,1995-04-15,1995-04
人民日报报告文学奖“口子杯”评奖揭晓,1995-04-15,1995-04
泗城之路,1995-04-15,1995-04
杨洪基的歌声,1995-04-15,1995-04
办好读者服务部,1995-04-15,1995-04
宋飞独奏音乐会举办免费专场,1995-04-15,1995-04
《战地玉人魂》讲“二战”故事,1995-04-15,1995-04
万点黄金  千层碧玉,1995-04-15,1995-04
电视连续剧新《书剑恩仇录》杀青,1995-04-15,1995-04
花山社推出长篇小说丛书,1995-04-15,1995-04
八一厂拍成《大漠歼匪》,1995-04-15,1995-04
北京电影学院演《原野》,1995-04-15,1995-04
世界礼仪巡礼（六）西餐礼仪,1995-04-15,1995-04
炎黄艺术馆筹办抗战画展,1995-04-15,1995-04
珍稀蝴蝶工艺品展览开展,1995-04-15,1995-04
抗日战争纪念馆  征集抗战文物,1995-04-15,1995-04
巴西钢琴大师在京有精彩表演,1995-04-15,1995-04
发展我国的连锁商业,1995-04-16,1995-04
好一个平均年龄３７,1995-04-16,1995-04
春耕生产环境亟需改善,1995-04-16,1995-04
市委书记『打招呼』,1995-04-16,1995-04
虎门大桥在架设中,1995-04-16,1995-04
北京地区天气预报,1995-04-16,1995-04
广东八成闲置地灭荒复耕,1995-04-16,1995-04
一季度工商税收突破千亿元大关,1995-04-16,1995-04
我国商业连锁经营起步,1995-04-16,1995-04
江西帮助农民发『羊』财,1995-04-16,1995-04
河北养殖专业户发展快,1995-04-16,1995-04
顺德市专利申请逾千项,1995-04-16,1995-04
乔石委员长在大阪访问,1995-04-16,1995-04
大禹的子孙,1995-04-16,1995-04
杨国勋的引力,1995-04-16,1995-04
卢沟桥乡有了高科技组织,1995-04-16,1995-04
中国防伪行业协会成立,1995-04-16,1995-04
库区要勤俭创业全国要对口支援,1995-04-16,1995-04
喜上眉梢,1995-04-16,1995-04
浙江建行压缩逾期贷款见成效,1995-04-16,1995-04
防范贷款风险（编后）,1995-04-16,1995-04
活力从哪里来？,1995-04-16,1995-04
铁道部对传统的货运计划“开刀”,1995-04-16,1995-04
北京将举办会计电算化成果展示会,1995-04-16,1995-04
苏南模式研讨会在京举行,1995-04-16,1995-04
国家加强对卫星通信网和地球站管理,1995-04-16,1995-04
总工会推荐妇女儿童喜爱产品,1995-04-16,1995-04
全国对口支援三峡移民进展顺利,1995-04-16,1995-04
第７７届广交会开幕,1995-04-16,1995-04
渭桥批发市场将办两个博览会,1995-04-16,1995-04
同在阿里的日子里（深切怀念孔繁森同志）,1995-04-16,1995-04
首届全国少儿卡拉ＯＫ电视大赛拉开帷幕,1995-04-16,1995-04
情系岗巴（深切怀念孔繁森同志）,1995-04-16,1995-04
英雄战士高清波,1995-04-16,1995-04
各级检察机关法纪侦查成绩显著,1995-04-16,1995-04
兴城检察院廉洁执法,1995-04-16,1995-04
总后系统官兵以实际行动学习孔繁森,1995-04-16,1995-04
北京军区开展纪念抗战胜利５０周年活动,1995-04-16,1995-04
某步兵师某舟桥团庆功大会在穗举行,1995-04-16,1995-04
空军七成连队实现旺季肉菜自给,1995-04-16,1995-04
日照市民主推选村干部,1995-04-16,1995-04
广泛开展学习孔繁森活动,1995-04-16,1995-04
情系万绿园,1995-04-16,1995-04
电视专题片《中华魂》首映,1995-04-16,1995-04
中央电视台将举办爱国主义知识竞赛,1995-04-16,1995-04
“情系金沙”美展在京开幕,1995-04-16,1995-04
朱家陆中国画在北京展出,1995-04-16,1995-04
边境线上的琴声,1995-04-16,1995-04
拉萨重视维修保护老城区,1995-04-16,1995-04
王幼平同志逝世,1995-04-16,1995-04
葡萄牙总统访问西安上海,1995-04-16,1995-04
英方应对公务员信心问题负责,1995-04-16,1995-04
海峡两岸民航运输学术研讨会将在台北举行,1995-04-16,1995-04
翰海春季艺术品拍卖结束,1995-04-16,1995-04
桂花邮票在咸宁市发行,1995-04-16,1995-04
外事简讯,1995-04-16,1995-04
从大学生到厂长,1995-04-16,1995-04
新雨润春蕾,1995-04-16,1995-04
备战明年奥运会美任命女篮教练,1995-04-16,1995-04
首届世界龙舟锦标赛６月将在岳阳举行,1995-04-16,1995-04
中日围棋擂台赛阵容,1995-04-16,1995-04
天津经济技术开发区向世乒赛捐款,1995-04-16,1995-04
河北出版事业呈现繁荣景象,1995-04-16,1995-04
浙江三坠冰疑是天外客紫,1995-04-16,1995-04
『侯氏定律』发明人又有新著,1995-04-16,1995-04
培养一尘不染的“白衣天使”,1995-04-16,1995-04
中国高尔夫球巡回赛第二站比赛结束,1995-04-16,1995-04
夺标热门巴西队八面威风,1995-04-16,1995-04
全国足球甲级Ｂ组联赛开战,1995-04-16,1995-04
第１０届中日围棋擂台赛开幕,1995-04-16,1995-04
世乒赛专用『双鱼』球台运抵天津,1995-04-16,1995-04
世界青年足球赛八场比赛八张红牌,1995-04-16,1995-04
宿迁中学大胆起用新人,1995-04-16,1995-04
国家集训队在京热身,1995-04-16,1995-04
乔石继续在日本访问,1995-04-16,1995-04
“向未来投资”,1995-04-16,1995-04
推动两国关系谋求广泛合作俄罗斯外长访意,1995-04-16,1995-04
安理会有条件允伊售油伊拉克拒绝安理会决议,1995-04-16,1995-04
尼泊尔首相访华前夕说尼中关系前景光明,1995-04-16,1995-04
外国政党和领导人致电哀悼陈云逝世,1995-04-16,1995-04
马里总统表彰我海外工程公司,1995-04-16,1995-04
美欲加重对古制裁西方国家纷纷反对,1995-04-16,1995-04
非国大支持解除温妮职务,1995-04-16,1995-04
古谴责美驱逐其外交官,1995-04-16,1995-04
克林顿宣布竞选连任,1995-04-16,1995-04
安理会谴责袭击波黑维和人员,1995-04-16,1995-04
美韩将举行军事演习,1995-04-16,1995-04
土荷外交争端加剧,1995-04-16,1995-04
“艳艳”赴德做“新娘”,1995-04-16,1995-04
“反激素交易队伍”的威慑力,1995-04-16,1995-04
人民币市场汇价（中国人民银行公布）,1995-04-16,1995-04
美联储：如何治理通胀,1995-04-16,1995-04
浙产品在法博览会夺魁,1995-04-16,1995-04
欧加渔业纠纷又陷僵局,1995-04-16,1995-04
温莎宫三度失火消防员竟是罪犯,1995-04-16,1995-04
美联储监测证券市场动向,1995-04-16,1995-04
国际航运协会呼吁加快机场旅客流动,1995-04-16,1995-04
英５１岁妇女生下试管婴儿,1995-04-16,1995-04
经常用脑不易患早老性痴呆症,1995-04-16,1995-04
中国文化周在突尼斯举行,1995-04-16,1995-04
９４年度日本贸易顺差减少,1995-04-16,1995-04
欧洲联盟企业信心下降,1995-04-16,1995-04
阿根廷又获国际贷款,1995-04-16,1995-04
尼泊尔王国首相阿迪卡里,1995-04-17,1995-04
北京地区天气预报,1995-04-17,1995-04
新疆人保公司为棉田保安全,1995-04-17,1995-04
陈云同志遗体今日在京火化,1995-04-17,1995-04
江西省县级财政连续四年无赤字,1995-04-17,1995-04
河南为农业“命脉”注活力,1995-04-17,1995-04
衡阳乡村筑巢引资兴农,1995-04-17,1995-04
广西军区捐办希望小学２３所,1995-04-17,1995-04
海南设高级管理技术人才市场,1995-04-17,1995-04
广梅汕铁路铺轨到揭阳,1995-04-17,1995-04
新型全集装箱船桃园号在沪下水,1995-04-17,1995-04
陈云同志伟大光辉的一生,1995-04-17,1995-04
今年全国土地利用计划出台,1995-04-17,1995-04
勤打算盘严执法,1995-04-17,1995-04
家用燃气灶新产品问世,1995-04-17,1995-04
想不想  敢不敢,1995-04-17,1995-04
加大开发力度  加快开放步伐,1995-04-17,1995-04
姑苏城外新苏州,1995-04-17,1995-04
严格执行用地计划,1995-04-17,1995-04
新沂绿化先进称号名副其实,1995-04-17,1995-04
我国首套Ⅱ类仪表着陆系统在京建成,1995-04-17,1995-04
冠朝车站被评为全优工程,1995-04-17,1995-04
北京至青岛优质优价列车开通,1995-04-17,1995-04
棉花吃不饱化纤来补充,1995-04-17,1995-04
广东物价涨幅逐月回落,1995-04-17,1995-04
西藏在京设经济实体,1995-04-17,1995-04
第三期全国大中城市党委宣传部长研讨班结束,1995-04-17,1995-04
各级人大要切实加强立法和监督,1995-04-17,1995-04
纪检监察系统举办房地产知识培训班,1995-04-17,1995-04
伟大光辉的一生永不磨灭的功勋,1995-04-17,1995-04
从株洲迅速发展看科技的威力,1995-04-17,1995-04
中国银行捐助残疾儿童,1995-04-17,1995-04
同济大学在市政建设中显身手,1995-04-17,1995-04
北航教师队伍结构发生转变,1995-04-17,1995-04
清华学子争赴国家急需单位,1995-04-17,1995-04
增强知识产权保护意识,1995-04-17,1995-04
列车超速防护系统运营成功,1995-04-17,1995-04
地理信息系统软件受好评,1995-04-17,1995-04
忏悔与教训,1995-04-17,1995-04
莫斯科市民义务劳动迎接二战胜利５０周年,1995-04-17,1995-04
一周国际要闻回顾（四月十日至十六日）,1995-04-17,1995-04
乔石继续在日本访问,1995-04-17,1995-04
钱其琛结束欧洲之行,1995-04-17,1995-04
访恰帕斯州,1995-04-17,1995-04
埃及阿联酋欢迎安理会决议,1995-04-17,1995-04
法总统选举民意调查希拉克居领先地位,1995-04-17,1995-04
驻前南蓝盔已有１５５人丧生,1995-04-17,1995-04
叶利钦说俄在克有重要利益,1995-04-17,1995-04
库尔德工人党呼吁停火,1995-04-17,1995-04
欧加达成渔业协议,1995-04-17,1995-04
非关税壁垒,1995-04-17,1995-04
西方企业投资方向的变化,1995-04-17,1995-04
荷兰外贸大臣希望加强荷中经贸关系,1995-04-17,1995-04
奥地利经济部长认为奥中合作前景广阔,1995-04-17,1995-04
非洲食品安全和农业发展会议开幕,1995-04-17,1995-04
伊朗鼓励海外专家回国,1995-04-17,1995-04
日美更改超级计算机定义,1995-04-17,1995-04
德『核走私案』案中有案,1995-04-17,1995-04
英国扣留一艘西班牙渔船,1995-04-17,1995-04
全国足球甲级队Ａ组联赛开战,1995-04-17,1995-04
亚特兰大奥运会最后一项工程破土,1995-04-17,1995-04
中日大学生将联合攀登珠穆朗玛峰,1995-04-17,1995-04
北京举行周末大众乒乓球赛,1995-04-17,1995-04
初战印象,1995-04-17,1995-04
世界各地流行街头体育日,1995-04-17,1995-04
白俄罗斯一选手被禁赛,1995-04-17,1995-04
我国老年体育人口已逾三千万,1995-04-17,1995-04
虚假广告透析,1995-04-17,1995-04
面目全非,1995-04-17,1995-04
我的金星彩电起死回生,1995-04-17,1995-04
银行摊派揽储任务工商企业有苦难言,1995-04-17,1995-04
来信点滴,1995-04-17,1995-04
管好村级储蓄代办站,1995-04-17,1995-04
禁止用农药毒鱼,1995-04-17,1995-04
隔车『眺』报,1995-04-17,1995-04
三年前的粮挂柴油何时兑现,1995-04-17,1995-04
别伤了农民的心,1995-04-17,1995-04
探索中的规模经营,1995-04-17,1995-04
农民盼建四种市场,1995-04-17,1995-04
推广新型农膜、生物农药及生物肥料,1995-04-17,1995-04
农村需新型化肥点耩耧,1995-04-17,1995-04
鲜花村庄,1995-04-17,1995-04
磨石庵村吃食堂,1995-04-17,1995-04
杨志勇的荒湖田,1995-04-17,1995-04
白城市大米自用有余,1995-04-17,1995-04
邓州市『农业小特区』,1995-04-17,1995-04
双鸭山三大经济群体,1995-04-17,1995-04
女人,1995-04-17,1995-04
东方女性如何融入现代社会,1995-04-17,1995-04
木棉的情愫,1995-04-17,1995-04
男女角色相互接近家务分配基本平衡,1995-04-17,1995-04
女性：跟着商业文化走？,1995-04-17,1995-04
描绘妇女解放的曲折历程,1995-04-17,1995-04
一季度我国对外贸易继续增长,1995-04-18,1995-04
乔石委员长抵汉城,1995-04-18,1995-04
本报大型资料数据库检索系统运行,1995-04-18,1995-04
广西梧州机场正式通航,1995-04-18,1995-04
又是麦苗拔节时,1995-04-18,1995-04
北京地区天气预报,1995-04-18,1995-04
陈云同志遗体昨在北京火化中央领导前往医院沉痛送别,1995-04-18,1995-04
株洲冶炼厂开拓国际市场,1995-04-18,1995-04
尼泊尔首相抵京,1995-04-18,1995-04
胡锦涛会见俄罗斯客人,1995-04-18,1995-04
福州民营科技企业异军突起,1995-04-18,1995-04
新疆吐鲁番将有电话村,1995-04-18,1995-04
从收入差别看统筹提留,1995-04-18,1995-04
建立创名牌的激励机制,1995-04-18,1995-04
不用扬鞭自奋蹄（编后）,1995-04-18,1995-04
“求富”的升华,1995-04-18,1995-04
天津开办家具服务一条街,1995-04-18,1995-04
健安医药公司在竞争中壮大,1995-04-18,1995-04
辽河集团强化企业内部管理,1995-04-18,1995-04
一如既往支持企业改革和发展,1995-04-18,1995-04
九江国有商业网点改造见效,1995-04-18,1995-04
漳浦县改造中低产田四万多亩,1995-04-18,1995-04
九五国际灯具展将在京举行,1995-04-18,1995-04
我国加快金融立法步伐,1995-04-18,1995-04
进出口企业排出五百强,1995-04-18,1995-04
我国将全面实施分时电价,1995-04-18,1995-04
偃师小厂攻难关,1995-04-18,1995-04
赤峰化工总厂抓技改增效益,1995-04-18,1995-04
天虹摩托车荣获金奖,1995-04-18,1995-04
孔繁森同志诗歌选抄,1995-04-18,1995-04
生命的强音,1995-04-18,1995-04
青岛警备区党委廉洁自律,1995-04-18,1995-04
井陉县法院推行错案责任追究制,1995-04-18,1995-04
警民同心铸『长城』,1995-04-18,1995-04
’９５执法环境百日行活动拉开帷幕,1995-04-18,1995-04
民主党派从政人士座谈会在浙举行,1995-04-18,1995-04
秦皇岛驻军扑灭一场大火,1995-04-18,1995-04
丰镇市委重视农村后进支部转变工作,1995-04-18,1995-04
雄县加强基层派出所工作,1995-04-18,1995-04
专业军士陈朝新抱病完成二十多项技术革新,1995-04-18,1995-04
漯铁公安干警破获１７起贩运假钞案,1995-04-18,1995-04
《马关条约》与台湾回归祖国,1995-04-18,1995-04
福建青年文化艺术访问团赴台,1995-04-18,1995-04
切实加强农村基层组织建设,1995-04-18,1995-04
全国市场物价形势继续好转,1995-04-18,1995-04
激励中华民族爱国主义热情争取早日完成祖国统一大业,1995-04-18,1995-04
做好农业产前产中产后服务,1995-04-18,1995-04
清华大学已为香港培训１４２名公务员,1995-04-18,1995-04
葡萄牙总统苏亚雷斯结束访华,1995-04-18,1995-04
藏传佛教文化交流团赴台访问,1995-04-18,1995-04
内地与香港警方就共同打击毒品案取得共识,1995-04-18,1995-04
湖南科技成果推广形成规模效应,1995-04-18,1995-04
爱，使她重新站起来,1995-04-18,1995-04
时代呼唤中国卡通图书,1995-04-18,1995-04
联想第１０万台电脑赠与教育,1995-04-18,1995-04
飞刀雕得人栩栩,1995-04-18,1995-04
北极科考队银湖忙点兵,1995-04-18,1995-04
天津着力科技兴农水稻瘦肉增产显著,1995-04-18,1995-04
“报迷”赵金城,1995-04-18,1995-04
继续发扬万隆精神,1995-04-18,1995-04
乔石会见黄珞周议长,1995-04-18,1995-04
维和部队要求延长波黑停火,1995-04-18,1995-04
法蓝盔将留驻波黑,1995-04-18,1995-04
台胞有难的时候,1995-04-18,1995-04
南非为哈尼树碑,1995-04-18,1995-04
朝副主席会见韩客人,1995-04-18,1995-04
菲外长罗慕洛辞职,1995-04-18,1995-04
巴法庭判处激进组织成员,1995-04-18,1995-04
阿马发生边界事件,1995-04-18,1995-04
开罗发生严重交通事故,1995-04-18,1995-04
俄要求修改欧洲常规力量条约,1995-04-18,1995-04
阿盟抗议土出兵伊北部,1995-04-18,1995-04
欧盟推动地中海区域合作,1995-04-18,1995-04
老越领导人会见张万年,1995-04-18,1995-04
奈良立日中永远友好碑,1995-04-18,1995-04
乍得组成新过渡政府,1995-04-18,1995-04
电视新闻电脑编  方便快捷效率高,1995-04-18,1995-04
荷购美机起风波,1995-04-18,1995-04
华盛顿举行黑奴解放纪念活动,1995-04-18,1995-04
人民币市场汇价（中国人民银行公布）,1995-04-18,1995-04
简讯,1995-04-18,1995-04
『软工厂』为制造业带来希望,1995-04-18,1995-04
外国公司角逐伊石油市场,1995-04-18,1995-04
蒙设立国家小麦储备基金,1995-04-18,1995-04
美拟在美墨边境建核废料库,1995-04-18,1995-04
卡巴签民航协定,1995-04-18,1995-04
用计算机换枪械,1995-04-18,1995-04
德发明癌症化疗新药,1995-04-18,1995-04
常饮茶和咖啡可防肠癌,1995-04-18,1995-04
希腊将办古代奥运会  冠军奖品将是野芹菜,1995-04-18,1995-04
中国女先锋华学明胜日本加藤朋子,1995-04-18,1995-04
马晓春先下一城,1995-04-18,1995-04
世界青年足球锦标赛１６支球队角逐,1995-04-18,1995-04
中国参加世界杯竞走赛队员名单确定,1995-04-18,1995-04
我中学生乒乓球队载誉归来,1995-04-18,1995-04
国际形意拳交流大会将在深州举行,1995-04-18,1995-04
全国国际象棋锦标赛已近尾声,1995-04-18,1995-04
六百健将将参加全国田径锦标赛,1995-04-18,1995-04
农业发展需要政府强力扶持,1995-04-18,1995-04
当前农村奔小康漫议,1995-04-18,1995-04
推动精神文明建设上水平,1995-04-18,1995-04
对一门新学科的开拓性建构,1995-04-18,1995-04
百年治国方略,1995-04-18,1995-04
如何面对浑沌,1995-04-18,1995-04
节日的礼赞,1995-04-18,1995-04
《苏联文学史》面世,1995-04-18,1995-04
《大江搏浪一飞舟》出版,1995-04-18,1995-04
文学期待与社会理想,1995-04-18,1995-04
关于传统文化中的道德观念,1995-04-18,1995-04
喜见《创业》有新篇,1995-04-18,1995-04
努力营造见义勇为社会氛围,1995-04-18,1995-04
防城区交警大队健全监督机制,1995-04-18,1995-04
武警内蒙古总队关心农牧民妇女,1995-04-18,1995-04
佳木斯监狱见闻,1995-04-18,1995-04
壮心不已为乐土,1995-04-18,1995-04
盘锦市兴隆台公安机关屡破大案要案,1995-04-18,1995-04
江泽民主席会见阿迪卡里首相,1995-04-19,1995-04
李鹏总理同阿迪卡里首相会谈,1995-04-19,1995-04
金泳三总统会见乔石委员长,1995-04-19,1995-04
浦东，璀璨的『双桥』格局,1995-04-19,1995-04
北京地区天气预报,1995-04-19,1995-04
李瑞环考察辽宁国有大中型企业,1995-04-19,1995-04
朱鎔基会见欧盟副主席布里坦,1995-04-19,1995-04
遏制公路“三乱”势头务求取得明显成效,1995-04-19,1995-04
河北号召全省干群学『七贤』,1995-04-19,1995-04
孙菊四扭亏,1995-04-19,1995-04
落到实处,1995-04-19,1995-04
海兴成为商品粮基地县,1995-04-19,1995-04
丹铁分局抢运农资三优先,1995-04-19,1995-04
万宝集团双“骄”共舞,1995-04-19,1995-04
『三金』工程取得可喜进展,1995-04-19,1995-04
居民真正吃上“放心肉”,1995-04-19,1995-04
我国农用运输车需求旺盛,1995-04-19,1995-04
湖南正虹饲料厂实现优质高效,1995-04-19,1995-04
首届商标商品国际博览会在京开幕,1995-04-19,1995-04
沙岳牌憎水泡沫石棉市场走俏,1995-04-19,1995-04
莱州推出辊式木地板磨光机,1995-04-19,1995-04
农行信用社全力支持春耕,1995-04-19,1995-04
当阳电力改革有特色,1995-04-19,1995-04
石化行业表彰劳模,1995-04-19,1995-04
卡夫天美公司增资扩产果珍,1995-04-19,1995-04
从焦裕禄到孔繁森,1995-04-19,1995-04
吉林大力清理无偿占用企业钱物问题,1995-04-19,1995-04
柳州发挥妇女参政议政作用,1995-04-19,1995-04
北京推荐涉台百家律师事务所百名律师,1995-04-19,1995-04
搭台又唱戏,1995-04-19,1995-04
台北一卡拉ＯＫ厅起火造成１２人死亡,1995-04-19,1995-04
海军航标部队布设沿海航标３０００座,1995-04-19,1995-04
岳化合成橡胶厂开展爱国主义教育,1995-04-19,1995-04
安徽第二监狱重视干警队伍建设,1995-04-19,1995-04
中央电台华厦之声推出新节目,1995-04-19,1995-04
中国防伪技术协会在京成立,1995-04-19,1995-04
北京西客站显露雄姿,1995-04-19,1995-04
中日友好医院接受德企业家捐款,1995-04-19,1995-04
《世界政党大全》出版,1995-04-19,1995-04
美国舒尔公司在京举行研讨会,1995-04-19,1995-04
国民经济运行相对平稳,1995-04-19,1995-04
治家和治村,1995-04-19,1995-04
浦东开发开放五周年庆典简朴庄严,1995-04-19,1995-04
纪念万隆会议４０周年,1995-04-19,1995-04
驻外使节九烈士史料陈列馆建成,1995-04-19,1995-04
铁道部将治理铁路沿线“白色污染”,1995-04-19,1995-04
第九届当代中国花鸟画邀请展将举行,1995-04-19,1995-04
“香港新景象摄影展览”在京开幕,1995-04-19,1995-04
哈达献站长,1995-04-19,1995-04
“中国是我的家”,1995-04-19,1995-04
我们拥有共同的语言,1995-04-19,1995-04
北京朝师附小让学生乐学会学,1995-04-19,1995-04
全国医院优秀院长评选揭晓,1995-04-19,1995-04
由农家挂科技图谈起,1995-04-19,1995-04
全球近地天体警戒网将建立,1995-04-19,1995-04
《突破封锁访延安》出版,1995-04-19,1995-04
减免高校经济困难学生学杂费,1995-04-19,1995-04
钱其琛会晤克里斯托弗,1995-04-19,1995-04
法一渡轮在拉芒什海峡沉没,1995-04-19,1995-04
北约东扩受阻,1995-04-19,1995-04
乔石会见韩国总理,1995-04-19,1995-04
塔吉克斯坦局势复杂化,1995-04-19,1995-04
钱其琛会见乌墨荷三国外长,1995-04-19,1995-04
在韩国全经联举行的欢迎宴会上乔石发表重要讲话,1995-04-19,1995-04
审议核不扩散条约大会开幕,1995-04-19,1995-04
里约议定书保证国发表公报秘厄军队脱离接触进展顺利,1995-04-19,1995-04
伊拉克议长表示伊将专门研究安理会决议,1995-04-19,1995-04
朝呼吁消除东北亚冷战体制,1995-04-19,1995-04
伊朗总统访印双方签署多项协议,1995-04-19,1995-04
萨哈林岛北部发生六级地震,1995-04-19,1995-04
万隆会议,1995-04-19,1995-04
人民币市场汇价（中国人民银行公布）,1995-04-19,1995-04
不结盟运动,1995-04-19,1995-04
南部非洲阻止非法武器泛滥,1995-04-19,1995-04
美日恢复汽车谈判,1995-04-19,1995-04
美贫富悬殊居西方之最,1995-04-19,1995-04
全球企业跨国兼并活跃,1995-04-19,1995-04
北极熊毛发有特性英利用开发新技术,1995-04-19,1995-04
日本中部发生五点一级地震,1995-04-19,1995-04
英国电话号码升位顺利完成,1995-04-19,1995-04
美公布与俄空间站对接计划,1995-04-19,1995-04
中西签署财政合作谅解备忘录,1995-04-19,1995-04
美元再次大幅度下跌,1995-04-19,1995-04
台冀象棋对抗赛将开枰,1995-04-19,1995-04
黎兵孙雯荣获双星金鞋奖,1995-04-19,1995-04
洛阳承办全国摩托车越野赛,1995-04-19,1995-04
上海郊县举行迎农运摩托拉力宣传活动,1995-04-19,1995-04
扎实为群众健身服务,1995-04-19,1995-04
第４１届高尔夫球世界杯决赛将在深圳举行,1995-04-19,1995-04
首都体育记者进行网球赛,1995-04-19,1995-04
孙淑伟余卓成等名将技压群芳,1995-04-19,1995-04
美容业面临的困惑,1995-04-19,1995-04
苍峄矿带满目疮痍,1995-04-19,1995-04
福建城乡医疗网点亟需整顿,1995-04-19,1995-04
劳保用品应按规定及时发放,1995-04-19,1995-04
江西加强农业承包合同管理,1995-04-19,1995-04
读者来信,1995-04-19,1995-04
孩子玩具缺什么？,1995-04-19,1995-04
包公祠杂记,1995-04-19,1995-04
姑父巧借伟人诗,1995-04-19,1995-04
我用热水器的经验,1995-04-19,1995-04
新产品·新技术（十版）,1995-04-19,1995-04
往昔历尽贫穷沧桑  今天编织富裕梦想,1995-04-19,1995-04
洋快餐“特”在哪,1995-04-19,1995-04
市场呼唤高精粉,1995-04-19,1995-04
珍惜你的“通行证”,1995-04-19,1995-04
走进荒原,1995-04-19,1995-04
从冬到春的故事,1995-04-19,1995-04
●艺文短波,1995-04-19,1995-04
甜甜的汽笛苦苦的汽笛,1995-04-19,1995-04
春风徐来,1995-04-19,1995-04
在血染的土地上再塑英雄,1995-04-19,1995-04
越剧舞台上的又一位“白马王子”,1995-04-19,1995-04
讲不完的故事,1995-04-19,1995-04
重视“空中大舞台”,1995-04-19,1995-04
文艺简讯（十二版）,1995-04-19,1995-04
个人所得税：流失知多少,1995-04-20,1995-04
江西省年年调出大批粮食,1995-04-20,1995-04
宾馆饭店应有广播,1995-04-20,1995-04
农民盼国库券下乡来（来信）,1995-04-20,1995-04
北京地区天气预报,1995-04-20,1995-04
江泽民会见以色列工党总书记,1995-04-20,1995-04
李瑞环会见尼泊尔首相,1995-04-20,1995-04
美元下滑再创纪录日元汇率破８０大关,1995-04-20,1995-04
『说句心里话，我也想家』,1995-04-20,1995-04
劳动部要求各地６月底前实施最低工资标准,1995-04-20,1995-04
省委书记的“汇报”,1995-04-20,1995-04
改革正面临重要历史机遇,1995-04-20,1995-04
把理说够,1995-04-20,1995-04
辛集搞节水型农业粮果丰,1995-04-20,1995-04
陕北有个石掌雄,1995-04-20,1995-04
公共保险柜,1995-04-20,1995-04
烟台靠硬措施稳住『米袋子』,1995-04-20,1995-04
新型列车广播机通过铁道部鉴定,1995-04-20,1995-04
春旱理应早蓄水（来信）,1995-04-20,1995-04
农展馆将举办外贸商品展销会,1995-04-20,1995-04
世界知名企业在华形象展将举行,1995-04-20,1995-04
船舶工业成为新兴出口产业,1995-04-20,1995-04
我国成为服装生产和出口强国,1995-04-20,1995-04
泰星集团以多品种适应市场,1995-04-20,1995-04
２０年后能领到养老金,1995-04-20,1995-04
天津德塔系统获国际标准认证,1995-04-20,1995-04
父老乡亲的怀念,1995-04-20,1995-04
加快养老保险改革,1995-04-20,1995-04
以知为始,1995-04-20,1995-04
对美一公司降低中行信用等级表示遗憾,1995-04-20,1995-04
今日乌审召,1995-04-20,1995-04
倾听『命运敲门』,1995-04-20,1995-04
甘肃宁夏行政区域界线绝大部分勘定,1995-04-20,1995-04
中英跨境大型基建协调委员会举行会议,1995-04-20,1995-04
爱泼斯坦著作出版座谈会在京举行,1995-04-20,1995-04
征文颁奖大会在京举行,1995-04-20,1995-04
昆明表彰嘉奖先进单位和个人,1995-04-20,1995-04
天津春交会开幕,1995-04-20,1995-04
ＢＰ机用户逾一千八百万,1995-04-20,1995-04
田阳县成为『中国芒果之乡』,1995-04-20,1995-04
航天城西昌加快基础设施建设,1995-04-20,1995-04
海南解放４５周年纪念大会举行,1995-04-20,1995-04
外事简讯,1995-04-20,1995-04
基础性研究要有国家目标,1995-04-20,1995-04
鹿邑中小学有了『收费明白卡』,1995-04-20,1995-04
中外学者研讨《尤利西斯》萧乾娓娓叙说翻译经过,1995-04-20,1995-04
强调严肃考风考纪,1995-04-20,1995-04
湖北公布几起高考舞弊案,1995-04-20,1995-04
今年棉铃虫虫情较重,1995-04-20,1995-04
电视科教系列片《桔红色的警示》通过审定,1995-04-20,1995-04
人事部要求做好接收工作,1995-04-20,1995-04
运城地区狠刹学校乱收费歪风,1995-04-20,1995-04
微型锅炉问世,1995-04-20,1995-04
增进友谊  发展合作,1995-04-20,1995-04
钱其琛全面阐述中国政府立场,1995-04-20,1995-04
外国政党和领导人致电哀悼陈云逝世,1995-04-20,1995-04
钱其琛会见英外交大臣,1995-04-20,1995-04
钱其琛会见日副首相,1995-04-20,1995-04
乔石会见韩国工商界人士,1995-04-20,1995-04
我大使为乔石访韩举行招待会,1995-04-20,1995-04
日本横滨车站出现毒气,1995-04-20,1995-04
俄总理强调不能贬低卫国战争胜利意义,1995-04-20,1995-04
叙以和谈未能如期举行,1995-04-20,1995-04
美国务卿谈美朝核谈判,1995-04-20,1995-04
俄表示可能用武力保护境外同胞,1995-04-20,1995-04
中俄引渡条约第二轮谈判结束,1995-04-20,1995-04
斯猛虎组织袭击海军基地,1995-04-20,1995-04
温妮住院接受治疗,1995-04-20,1995-04
万隆精神长存,1995-04-20,1995-04
珍惜资源  管好地球,1995-04-20,1995-04
世界经济全球化加速亚非拉地区前景看好,1995-04-20,1995-04
中国八岁选手张橹享誉莫斯科,1995-04-20,1995-04
人民币市场汇价（中国人民银行公布）,1995-04-20,1995-04
国际机场联合会呼吁采用电子护照电子行李卡,1995-04-20,1995-04
中东石油：大国经济的“血液”,1995-04-20,1995-04
慎选胸罩防癌,1995-04-20,1995-04
美日汽车谈判未果美若报复日将起诉,1995-04-20,1995-04
立体电视研究取得进展,1995-04-20,1995-04
英制成高强度列车挡风玻璃,1995-04-20,1995-04
西中企业家交流会开幕,1995-04-20,1995-04
天津与里约结为友好市州,1995-04-20,1995-04
欧佩克油价突破１８美元,1995-04-20,1995-04
越决定对高收入者征所得税,1995-04-20,1995-04
第十届中日围棋擂台赛第二盘比赛华学明中盘告负,1995-04-20,1995-04
聂卫平同马晓春战平,1995-04-20,1995-04
先发制人（漫画）,1995-04-20,1995-04
广东梁金荣  上海秦侃滢分获男女冠军,1995-04-20,1995-04
晨练遍古城健身形式多西安群体活动出色,1995-04-20,1995-04
长春选手冯凯独领风骚,1995-04-20,1995-04
一汽集团为中意足球赛设奖,1995-04-20,1995-04
中国乒乓健儿赴天津练兵,1995-04-20,1995-04
肯、德选手分获波士顿马拉松赛男、女冠军,1995-04-20,1995-04
社会主义市场经济条件下的城市建设与管理,1995-04-20,1995-04
《百科全书编纂求索》出版,1995-04-20,1995-04
推进农村城镇建设,1995-04-20,1995-04
完善农业劳动积累投入机制,1995-04-20,1995-04
正确确立县级经济发展战略,1995-04-20,1995-04
灿烂的笑容,1995-04-20,1995-04
英雄并不遥远,1995-04-20,1995-04
南方的河  北方的河,1995-04-20,1995-04
夜训,1995-04-20,1995-04
水之恋（中国画）,1995-04-20,1995-04
玲珑古城俏也争春,1995-04-20,1995-04
悄访苗寨,1995-04-20,1995-04
开放，各民族发展的必由之路,1995-04-20,1995-04
周城看扎染,1995-04-20,1995-04
中央民大藏学系成立两周年,1995-04-20,1995-04
江泽民同志的讲话（一九九五年四月二十日）,1995-04-21,1995-04
江泽民李瑞环祝贺爱泼斯坦８０寿辰,1995-04-21,1995-04
北京地区天气预报,1995-04-21,1995-04
日本首相韩国总理将访华,1995-04-21,1995-04
马绍尔群岛共和国总统卡布阿,1995-04-21,1995-04
胡锦涛会见越南客人,1995-04-21,1995-04
乔石继续在韩国访问,1995-04-21,1995-04
《叶剑英传》出版,1995-04-21,1995-04
缅怀叶剑英同志丰功伟绩,1995-04-21,1995-04
增产化肥就是增加农产品供给,1995-04-21,1995-04
辽宁再攻１５０亿公斤粮食大关（全力夺取今年粮食丰收）,1995-04-21,1995-04
乡镇企业一季度运行良好,1995-04-21,1995-04
首季国家财政总体运行平稳正常,1995-04-21,1995-04
企业金卡发行看好,1995-04-21,1995-04
煤炭部：发布两个配套部门规章,1995-04-21,1995-04
站稳脚跟,1995-04-21,1995-04
机械部推荐包装食品机械,1995-04-21,1995-04
全国劈离墙地砖技术推广会举行,1995-04-21,1995-04
调整产业结构提高产业素质,1995-04-21,1995-04
赤子情  公仆心,1995-04-21,1995-04
广西玉林修建高等级公路,1995-04-21,1995-04
内贸部：加强化学危险品管理,1995-04-21,1995-04
建设部：出台商品房管理办法,1995-04-21,1995-04
国务院批复南京市城市总体规划,1995-04-21,1995-04
昌平科技园区设海关,1995-04-21,1995-04
从怀念到行动,1995-04-21,1995-04
隰县和汾西矿务局卖车助生产,1995-04-21,1995-04
襄樊狠刹公车迎亲风,1995-04-21,1995-04
有感于『特殊名片』,1995-04-21,1995-04
高检召开“双先”表彰会,1995-04-21,1995-04
庄河两千名干部下乡为民解难,1995-04-21,1995-04
鞍山工会系统扶贫济困,1995-04-21,1995-04
广西开发使用两用人才有成效,1995-04-21,1995-04
宁德农村宣传阵地越办越红火,1995-04-21,1995-04
洪湖公安机关实行目标管理,1995-04-21,1995-04
青川农村『领头雁』身手不凡,1995-04-21,1995-04
某团帮助学校开展爱国主义教育,1995-04-21,1995-04
外事简讯,1995-04-21,1995-04
宁夏扶贫攻坚初战告捷,1995-04-21,1995-04
我为新中国而无比自豪,1995-04-21,1995-04
『警民同心万里情』报告会在京举行,1995-04-21,1995-04
田纪云会见韩国客人,1995-04-21,1995-04
迟浩田会见麦贤得夫妇和姚慈贤,1995-04-21,1995-04
『杭州周恩来之夜』晚会将举行,1995-04-21,1995-04
外交部发言人答记者问,1995-04-21,1995-04
香港预委会政务小组举行会议,1995-04-21,1995-04
顾执中先生逝世,1995-04-21,1995-04
广西科技兴农态势令人鼓舞,1995-04-21,1995-04
高新技术产业应形成特色,1995-04-21,1995-04
给教育界一份厚礼,1995-04-21,1995-04
我核承压设备国产能力增强,1995-04-21,1995-04
“让世界为我们激动”,1995-04-21,1995-04
“金殿”之光,1995-04-21,1995-04
在实施《教育法》中发挥作用,1995-04-21,1995-04
如何保障《教育法》的实施,1995-04-21,1995-04
王东方向两所学校捐赠计算机,1995-04-21,1995-04
标题新闻,1995-04-21,1995-04
河北山区脱贫试验区成绩喜人,1995-04-21,1995-04
乔石委员长抵釜山访问,1995-04-21,1995-04
欧盟加速『南下』,1995-04-21,1995-04
钱其琛答中国记者问,1995-04-21,1995-04
钱其琛会见挪威外交大臣,1995-04-21,1995-04
中俄合作领域广阔,1995-04-21,1995-04
俄克拉何马城遭横祸联邦办公大楼被炸塌,1995-04-21,1995-04
无核国家：有条件延长条约,1995-04-21,1995-04
尼日利亚：俄美应削减核武器,1995-04-21,1995-04
西方国家：无限期延长条约,1995-04-21,1995-04
美国：对条约公开投票,1995-04-21,1995-04
朝美恢复核谈判,1995-04-21,1995-04
伊朗重申和平利用核能,1995-04-21,1995-04
利比亚一客机抵沙特,1995-04-21,1995-04
安理会谴责袭击维和人员,1995-04-21,1995-04
西副首相会见吴仪部长,1995-04-21,1995-04
卢首相会见中行董事长,1995-04-21,1995-04
越总理会见我水利代表团,1995-04-21,1995-04
叙总理愿加强对华合作,1995-04-21,1995-04
建立双赢的合作伙伴关系,1995-04-21,1995-04
靠贿赂欺骗揽生意西门子五职员服刑,1995-04-21,1995-04
’９５汉诺威信息技术博览会,1995-04-21,1995-04
美元英镑法郎对马克比价连跌,1995-04-21,1995-04
美洲印第安人口增加总数已逾四千万,1995-04-21,1995-04
美元贬值  金银看涨,1995-04-21,1995-04
我艺术团在平壤艺术节获奖,1995-04-21,1995-04
欧洲第三大射电望远镜在波兰启用,1995-04-21,1995-04
人民币市场汇价（中国人民银行公布）,1995-04-21,1995-04
海峡两岸精品在新开展,1995-04-21,1995-04
美日贸易难题多,1995-04-21,1995-04
吉林选手摘走最后四枚金牌,1995-04-21,1995-04
樱花太极同艳,1995-04-21,1995-04
世乒赛中国队需放包袱,1995-04-21,1995-04
中国围棋大国手擂台战落子四川李亮守擂成功,1995-04-21,1995-04
ＡＣ米兰队和阿贾克斯队进入欧洲足球冠军杯赛决赛,1995-04-21,1995-04
中国足协通报批评全国足球甲级队联赛违纪赛区,1995-04-21,1995-04
参赛城市已达４２个,1995-04-21,1995-04
略举公证三五例愿您事事平安,1995-04-21,1995-04
采编不细将『马』变成『驴』,1995-04-21,1995-04
探寻生活的真谛（朋友信箱）,1995-04-21,1995-04
春色美行为不美,1995-04-21,1995-04
哪些事情需要公证,1995-04-21,1995-04
加大土地投入力度,1995-04-21,1995-04
帮助农民学点金融知识（来信）,1995-04-21,1995-04
看清楚了，足斤足两！,1995-04-21,1995-04
驻马店法院公断伪劣瓜种案,1995-04-21,1995-04
江永：机关办绿色企业,1995-04-21,1995-04
桑植：野生动物重返自然,1995-04-21,1995-04
兴国：红鲤『游』遍全国,1995-04-21,1995-04
苏北：农民争购水上“货车”,1995-04-21,1995-04
粮袋广告,1995-04-21,1995-04
大棚日记,1995-04-21,1995-04
东方蚬库,1995-04-21,1995-04
仙游车队,1995-04-21,1995-04
盐城农业综合开发成绩大,1995-04-21,1995-04
为农民撑起『保护伞』,1995-04-21,1995-04
永生难忘的教材,1995-04-21,1995-04
解老汉  办歌厅,1995-04-21,1995-04
文化人物徐广恒,1995-04-21,1995-04
艺文短波,1995-04-21,1995-04
云山飞瀑（中国画）,1995-04-21,1995-04
儿童稚语笑不得,1995-04-21,1995-04
个人所得税：贫富调节器,1995-04-22,1995-04
北京地区天气预报,1995-04-22,1995-04
《军队基层建设纲要》颁发执行,1995-04-22,1995-04
统计的生命在于真实（社论）,1995-04-22,1995-04
画家与“著名”,1995-04-22,1995-04
李鹏会见德国大众汽车公司总裁,1995-04-22,1995-04
海南外引内联求实效,1995-04-22,1995-04
马绍尔总统开始访华,1995-04-22,1995-04
长城集团微机献给『金卡』工程,1995-04-22,1995-04
天津新添一条家具街,1995-04-22,1995-04
浦东开发开放基本政策不变,1995-04-22,1995-04
首座高原高瓦斯铁路隧道贯通,1995-04-22,1995-04
县长也要抓『菜篮子』,1995-04-22,1995-04
『西柳服装市场号』投入使用,1995-04-22,1995-04
神钢兑现“地震合同”有感,1995-04-22,1995-04
珠海重振特区农业雄风,1995-04-22,1995-04
“后招商”在漳州,1995-04-22,1995-04
山东支农资金增加近二成,1995-04-22,1995-04
黑龙江春耕资金缓解,1995-04-22,1995-04
内蒙古支农资金到位,1995-04-22,1995-04
大连国际水产品交易中心创三个第一,1995-04-22,1995-04
高效叶面肥在江山研制成功,1995-04-22,1995-04
柳州确定汽车发展新思路,1995-04-22,1995-04
荥阳成为阀门生产基地,1995-04-22,1995-04
萍乡工行贷款保骨干企业,1995-04-22,1995-04
国家国有资产管理局要求维护国有股权益,1995-04-22,1995-04
『中国海关旅客年』活动在全国展开,1995-04-22,1995-04
中国房地产沙龙成立,1995-04-22,1995-04
黄冈有计划推进干部交流青岛订措施改善班子结构,1995-04-22,1995-04
面对群众的呼唤,1995-04-22,1995-04
找准突破口,1995-04-22,1995-04
长沙高校地区治安面貌明显改观,1995-04-22,1995-04
乐平百姓『讨个说法』有去处,1995-04-22,1995-04
青岛订措施改善班子结构,1995-04-22,1995-04
平顶山政法领导易地交流,1995-04-22,1995-04
空军６４名贡献突出科技干部提前晋级,1995-04-22,1995-04
海军某基地提高快速保障能力,1995-04-22,1995-04
《群言》杂志纪念创刊十年,1995-04-22,1995-04
外事简讯,1995-04-22,1995-04
密切联系群众当好人民公仆,1995-04-22,1995-04
中国尼泊尔发表联合公报,1995-04-22,1995-04
中央党政机关领导干部用车有具体规定,1995-04-22,1995-04
昆明市公安局专案组获公安部表彰,1995-04-22,1995-04
政声人去后,1995-04-22,1995-04
“热爱祖国、自强不息”巡回报告演出团在江苏报告演出,1995-04-22,1995-04
浙江暨绍兴各界公祭大禹陵,1995-04-22,1995-04
出纳员林碧玲舍身护金库,1995-04-22,1995-04
原招商局船员起义四十五周年纪念会举行,1995-04-22,1995-04
战士张志敏带伤救人受表彰,1995-04-22,1995-04
中医药教育交流代表团访台,1995-04-22,1995-04
广东华侨博物馆奠基,1995-04-22,1995-04
重听岁月的声响,1995-04-22,1995-04
奉献之路,1995-04-22,1995-04
《中国当代科技精华》出版座谈会举行,1995-04-22,1995-04
河南发现春秋古墓,1995-04-22,1995-04
考古新发现：大桥架在枕木上,1995-04-22,1995-04
浙江开关厂三峡工程中屡中标,1995-04-22,1995-04
《炎黄文化漫游》出版,1995-04-22,1995-04
来自台湾的统计表明肝癌有遗传性,1995-04-22,1995-04
中自公司推出汉王手写板,1995-04-22,1995-04
大骨节病病因被破译,1995-04-22,1995-04
乔石继续在韩国访问,1995-04-22,1995-04
一些中东国家不同意无限期延长条约,1995-04-22,1995-04
居里夫妇入先贤祠,1995-04-22,1995-04
美悬赏２００万捉拿凶犯,1995-04-22,1995-04
穆族拒绝延长停火期限塞族只同意谈永久和平,1995-04-22,1995-04
朝美核会谈陷入僵局,1995-04-22,1995-04
《不扩散核武器条约》,1995-04-22,1995-04
印伊关系新发展,1995-04-22,1995-04
横滨毒气事件受害者逾六百,1995-04-22,1995-04
五月八日是德国解放日,1995-04-22,1995-04
泰国会大厦发生焚毁文件案,1995-04-22,1995-04
卡决定同巴自治机构建交,1995-04-22,1995-04
温妮仍是非国大领导成员,1995-04-22,1995-04
菲连续发生四次五级以上地震,1995-04-22,1995-04
道—琼斯指数再创新高,1995-04-22,1995-04
朝抨击日议员推卸战争责任,1995-04-22,1995-04
德批评美经济政策,1995-04-22,1995-04
一位美国女教师的声援,1995-04-22,1995-04
苏格兰乐坛的东方面孔,1995-04-22,1995-04
“阿罗哈”精神,1995-04-22,1995-04
胜利碑前的断想,1995-04-22,1995-04
莫斯科一瞥,1995-04-22,1995-04
蓝通传友谊显示屏争光,1995-04-22,1995-04
人人都是东道主,1995-04-22,1995-04
走向世界的步伐,1995-04-22,1995-04
心系农民,1995-04-22,1995-04
武汉“空战”透析,1995-04-22,1995-04
海宁观『潮』,1995-04-22,1995-04
平遥掠影,1995-04-22,1995-04
“机制草原”的梦想成真,1995-04-22,1995-04
苏维埃的『一头牛』,1995-04-22,1995-04
讲实话的人吃不了亏,1995-04-22,1995-04
为《开国总理周恩来》序,1995-04-22,1995-04
深切的怀念,1995-04-22,1995-04
旧貌换新颜,1995-04-22,1995-04
战冰凌,1995-04-22,1995-04
中国音乐剧的足迹,1995-04-22,1995-04
世界名人名作音乐会引人注目,1995-04-22,1995-04
宋飞──心与音的融会,1995-04-22,1995-04
中央芭蕾舞团推出《睡美人》,1995-04-22,1995-04
高野静及其水墨画,1995-04-22,1995-04
自己动手（漫画）,1995-04-22,1995-04
读《书法字海》,1995-04-22,1995-04
全国业余合唱大赛即将举行,1995-04-22,1995-04
国色天香歌有情,1995-04-22,1995-04
《裙装新款》,1995-04-22,1995-04
残秋图（五联屏）（国画）,1995-04-22,1995-04
澳大利亚艺术家演木偶,1995-04-22,1995-04
世界礼仪巡礼（七）,1995-04-22,1995-04
纪念反法西斯战争胜利八达岭举办书画展,1995-04-22,1995-04
个人所得税：路在何方？,1995-04-23,1995-04
《毛泽东在七大的报告和讲话集》出版,1995-04-23,1995-04
乔石委员长回到北京,1995-04-23,1995-04
实事要办得更实些,1995-04-23,1995-04
郑州建成积压物资融通市场,1995-04-23,1995-04
化州基础设施建设不留『尾巴』,1995-04-23,1995-04
北京地区天气预报,1995-04-23,1995-04
培养选拔大批德才兼备优秀年轻干部,1995-04-23,1995-04
贯彻落实中共中央有关政协工作通知推进人民政协履行职能规范化制度化,1995-04-23,1995-04
康世恩同志逝世,1995-04-23,1995-04
武汉加快城市基础设施建设,1995-04-23,1995-04
天津春交会成交逾六十七亿元,1995-04-23,1995-04
越种越甜,1995-04-23,1995-04
企业评价工作开展１０周年,1995-04-23,1995-04
高档阻燃植绒装饰布进入市场,1995-04-23,1995-04
山东首次开展信息扶贫,1995-04-23,1995-04
陵县巧种绿银田瓜菜棉花赚大钱,1995-04-23,1995-04
防城港市外经贸实现全面突破,1995-04-23,1995-04
我国有会计１２００万人,1995-04-23,1995-04
珍惜农民的热情,1995-04-23,1995-04
卸掉包袱  再造优势,1995-04-23,1995-04
抓住机遇缩小差距共同富裕,1995-04-23,1995-04
新生之路,1995-04-23,1995-04
选准着眼点,1995-04-23,1995-04
多数企业家赞成走职业化道路,1995-04-23,1995-04
我国应用ＩＳＯ９０００取得进展,1995-04-23,1995-04
赵县建成芦笋生产基地,1995-04-23,1995-04
税务纪检监察工作会议召开,1995-04-23,1995-04
高效节能真空泵节能显著,1995-04-23,1995-04
见难而上  不断进取,1995-04-23,1995-04
喜糖送上工地,1995-04-23,1995-04
在兵的岗位上,1995-04-23,1995-04
各级工会积极维护职工合法权益,1995-04-23,1995-04
《中国少数民族地区马克思主义教育丛书》出版,1995-04-23,1995-04
制止利用换发车牌证搭车收费,1995-04-23,1995-04
太原组建民兵治安巡逻大队,1995-04-23,1995-04
香港少女失踪案增加,1995-04-23,1995-04
中小企业仍是台湾经济发展的主力军,1995-04-23,1995-04
台湾公司虚设行号等现象严重,1995-04-23,1995-04
青少年民族百花园在京创建,1995-04-23,1995-04
外事简讯,1995-04-23,1995-04
国际要闻,1995-04-23,1995-04
红土地上创新业,1995-04-23,1995-04
春风喜迎仙客来,1995-04-23,1995-04
『纺织大嫂』就业大饭店,1995-04-23,1995-04
杨承芳同志逝世,1995-04-23,1995-04
录用“大嫂”，有眼光！,1995-04-23,1995-04
钱其琛会见荷兰前首相,1995-04-23,1995-04
北京直销书市开幕,1995-04-23,1995-04
吴学谦会见溥杰女儿,1995-04-23,1995-04
香港预委会经济和法律小组召开会议,1995-04-23,1995-04
北大学生重“修身”,1995-04-23,1995-04
甘肃碘缺乏病防治有新进展,1995-04-23,1995-04
《实用临床血液细胞学图谱》再版,1995-04-23,1995-04
检察官捐款希望小学,1995-04-23,1995-04
高速芯片服务器推向市场,1995-04-23,1995-04
重视智力培育  发展区域经济,1995-04-23,1995-04
秦山核电站未对环境造成影响,1995-04-23,1995-04
“地奥奖学金”设立,1995-04-23,1995-04
全国医政工作会议召开,1995-04-23,1995-04
乌市十位优秀教师喜获新居,1995-04-23,1995-04
昆明城镇教师住房条件显著改善,1995-04-23,1995-04
安理会继续放松对南制裁,1995-04-23,1995-04
扩大共识增进合作,1995-04-23,1995-04
非洲：自已努力解决冲突,1995-04-23,1995-04
卢一难民营发生流血事件,1995-04-23,1995-04
俄城爆炸嫌犯落网,1995-04-23,1995-04
伊朗总统访问格鲁吉亚,1995-04-23,1995-04
克罗地亚一架战斗机坠毁,1995-04-23,1995-04
海地暴力活动频繁,1995-04-23,1995-04
土重开土亚间空中走廊,1995-04-23,1995-04
尼一反政府武装投降,1995-04-23,1995-04
葡领导人会见吴仪,1995-04-23,1995-04
瑞士外长强调重视瑞中关系,1995-04-23,1995-04
越抨击用人权干涉别国内政,1995-04-23,1995-04
斯政府军与猛虎组织激战,1995-04-23,1995-04
英再次从北爱撤军,1995-04-23,1995-04
独联体决定：延长维和部队驻塔期限,1995-04-23,1995-04
美呼吁重开美朝核谈判,1995-04-23,1995-04
加爱德华王子岛议会大楼被炸,1995-04-23,1995-04
俄哈吉乌呼吁塔民族和解,1995-04-23,1995-04
美元连续回升,1995-04-23,1995-04
美青少年纪念地球日,1995-04-23,1995-04
教育使丹麦农业成功,1995-04-23,1995-04
人民币市场汇价（中国人民银行公布）,1995-04-23,1995-04
智利比索升值,1995-04-23,1995-04
秘鲁发现“胎中胎”,1995-04-23,1995-04
匈牙利将放松外汇管理,1995-04-23,1995-04
法拒比警入境执法比指责法违反协定,1995-04-23,1995-04
蒙古畜牧业兴旺,1995-04-23,1995-04
冒领战争抚恤金,1995-04-23,1995-04
美新型导弹试飞成功,1995-04-23,1995-04
第二届亚太空间技术与应用会议开幕,1995-04-23,1995-04
多受教育寿命长,1995-04-23,1995-04
安哥拉决定发行新币,1995-04-23,1995-04
北京日报举办世乒赛竞猜活动,1995-04-23,1995-04
中古女排对抗赛开赛在即,1995-04-23,1995-04
《银荔杯象棋全国冠军赛对局尝试》出版,1995-04-23,1995-04
台北河北象棋对抗赛开枰,1995-04-23,1995-04
小镇乒乓热,1995-04-23,1995-04
向中国乒乓健儿赠言活动受欢迎,1995-04-23,1995-04
我喜欢压力,1995-04-23,1995-04
文津俱乐部活动增多,1995-04-23,1995-04
广东石灰岩地区９·５万特困人口搬迁,1995-04-24,1995-04
阳光集团抢占全国精毛纺鳌头,1995-04-24,1995-04
处险不惊显本色,1995-04-24,1995-04
都江堰开闸放水,1995-04-24,1995-04
北京地区天气预报,1995-04-24,1995-04
李鹏考察上海『菜篮子』工程,1995-04-24,1995-04
农村贫困人口两年减一千万,1995-04-24,1995-04
危难见英雄（短评）,1995-04-24,1995-04
依靠群众广开进贤之路,1995-04-24,1995-04
等『上门』与送『上门』,1995-04-24,1995-04
内蒙古春羔生产喜获丰收,1995-04-24,1995-04
广州百万职工参加养老保险,1995-04-24,1995-04
京九线岐岭隧道主体完工,1995-04-24,1995-04
冲出“黑洞”,1995-04-24,1995-04
不再坐井观天,1995-04-24,1995-04
安徽维护『菜篮子』商品交易秩序,1995-04-24,1995-04
惟愿农家奔小康,1995-04-24,1995-04
礼泉县城市建设展现新貌诸暨把基础建设引向市场,1995-04-24,1995-04
中国服饰记协成立,1995-04-24,1995-04
首季消费品市场繁荣活跃稳定,1995-04-24,1995-04
京九铁路吉定段隧道全部贯通,1995-04-24,1995-04
日本理想公司在中国设立事务所,1995-04-24,1995-04
广西表彰四百名劳模先进工作者,1995-04-24,1995-04
机械系统开展学习于永来活动,1995-04-24,1995-04
谁逃债  罢谁官,1995-04-24,1995-04
轻工总会调查农村市场,1995-04-24,1995-04
南京农贸市场粮油价格稳定回落,1995-04-24,1995-04
三菱公司与广东合资生产空调,1995-04-24,1995-04
西藏人民的好公仆,1995-04-24,1995-04
《领导干部的楷模———孔繁森》画册挂图出版,1995-04-24,1995-04
团中央等开展中国大地“走红”活动,1995-04-24,1995-04
“我宣誓”,1995-04-24,1995-04
海军开展爱舰爱岛爱海洋教育,1995-04-24,1995-04
十七省市建立军转干部人才市场,1995-04-24,1995-04
外事简讯,1995-04-24,1995-04
党和国家高度重视依靠工人阶级,1995-04-24,1995-04
坐车者的境界,1995-04-24,1995-04
发展地方经济  开展生产自救,1995-04-24,1995-04
抓好人才培养加速经济发展,1995-04-24,1995-04
副市长戴上博士帽,1995-04-24,1995-04
一季度道路交通事故比去年同期增加,1995-04-24,1995-04
布里坦在京举行记者招待会,1995-04-24,1995-04
瑞士外长科蒂抵达北京,1995-04-24,1995-04
战胜命运,1995-04-24,1995-04
’９５大学生寒假见闻优秀征文评选揭晓,1995-04-24,1995-04
迎着北极的太阳,1995-04-24,1995-04
观察大学生心灵的窗口,1995-04-24,1995-04
教育工作的根本大法,1995-04-24,1995-04
我煤田地震勘探精度明显提高,1995-04-24,1995-04
笔式硝酸甘油气雾剂投产,1995-04-24,1995-04
西子湖畔“花仙子”,1995-04-24,1995-04
《大草原上的小老鼠》摄制完成,1995-04-24,1995-04
《四川鸟类原色图鉴》问世,1995-04-24,1995-04
美继续搜捕案犯,1995-04-24,1995-04
乌部队封锁苏丹武官住宅,1995-04-24,1995-04
立此存照,1995-04-24,1995-04
一周国际要闻回顾（四月十七至二十三日）,1995-04-24,1995-04
莫斯科各界纪念列宁诞辰,1995-04-24,1995-04
朝表示将考虑美建议,1995-04-24,1995-04
保持冷静  恢复谈判,1995-04-24,1995-04
卢旺达难民营又发生惨案,1995-04-24,1995-04
乌反政府武装屠杀平民,1995-04-24,1995-04
墨政府与农民武装开始和谈,1995-04-24,1995-04
金克尔说德外交政策重新定向,1995-04-24,1995-04
美报说日奥姆真理教企图袭击迪斯尼乐园,1995-04-24,1995-04
波黑塞族警告要关闭萨市机场,1995-04-24,1995-04
南反对安理会决议,1995-04-24,1995-04
南非政府为博萨克恢复名誉,1995-04-24,1995-04
撒切尔夫人获嘉德勋章,1995-04-24,1995-04
『大众』向亚太扩展,1995-04-24,1995-04
美各地纪念“地球日”,1995-04-24,1995-04
科特迪瓦经济复苏,1995-04-24,1995-04
埃及希望建立阿拉伯经济集团,1995-04-24,1995-04
进一步加强双方合作,1995-04-24,1995-04
一九九五阿布扎比国际防务展,1995-04-24,1995-04
瑞典向“福利病”开刀,1995-04-24,1995-04
会说话的钱包,1995-04-24,1995-04
最惠国待遇,1995-04-24,1995-04
马议长参观我援建体育馆工地,1995-04-24,1995-04
平壤体育文化节在即朝邀韩在野人士参加,1995-04-24,1995-04
泰国出现罕见高温天气,1995-04-24,1995-04
申办城运会重在参与,1995-04-24,1995-04
中国队夺一金一银,1995-04-24,1995-04
六场比赛三场踢平,1995-04-24,1995-04
海河儿女创奇迹,1995-04-24,1995-04
也说“抢逼围”,1995-04-24,1995-04
中国高尔夫球巡回赛降下帷幕,1995-04-24,1995-04
足球甲级联赛Ｂ组战绩,1995-04-24,1995-04
联合会杯网球赛亚洲地区小组预选赛中国队被韩国队淘汰,1995-04-24,1995-04
书价不宜定得过高,1995-04-24,1995-04
联系实际学习孔繁森,1995-04-24,1995-04
野大公路旧貌何时换新颜,1995-04-24,1995-04
出售稻种不保证质量———谁来管管？,1995-04-24,1995-04
毕业证补盖钢印收费———哪家规矩？,1995-04-24,1995-04
把好书送到农村去,1995-04-24,1995-04
企业为啥怕说效益好,1995-04-24,1995-04
徐闻汽运公司知错即改,1995-04-24,1995-04
设立“曝光台”  医治“常见病”,1995-04-24,1995-04
国旗可否用于个人婚事活动？,1995-04-24,1995-04
请遵守交通规则,1995-04-24,1995-04
客车承包后切莫忽视安全,1995-04-24,1995-04
怎能如此对待股民？,1995-04-24,1995-04
谷城设卡收费一事查清,1995-04-24,1995-04
“林”字无价,1995-04-24,1995-04
从生猪蛋鸡起落说起,1995-04-24,1995-04
阎良：旧农机市场,1995-04-24,1995-04
山东：七成农机属农户,1995-04-24,1995-04
加强中药材种植管理（来信）,1995-04-24,1995-04
测定仪你在何方,1995-04-24,1995-04
竹溪山花,1995-04-24,1995-04
生猪市场怎么了,1995-04-24,1995-04
蛋鸡为何成烧鸡,1995-04-24,1995-04
诸暨：铁牛成新宠,1995-04-24,1995-04
湘乡：农机销售热,1995-04-24,1995-04
优先发展农林科技,1995-04-24,1995-04
用『养老保险』代替『养儿防老』,1995-04-24,1995-04
加  油（科幻漫画）,1995-04-24,1995-04
八字算命不可信,1995-04-24,1995-04
洪友崇与昆虫化石结缘,1995-04-24,1995-04
解除害虫“抗药性”,1995-04-24,1995-04
艺文短波,1995-04-24,1995-04
弘扬什么,1995-04-24,1995-04
水调歌头·孔繁森颂,1995-04-24,1995-04
沈阳东陵（速写）,1995-04-24,1995-04
新华书店的新课题,1995-04-24,1995-04
兰花，开在天柱山麓,1995-04-24,1995-04
我的『文学大师』观,1995-04-24,1995-04
讷河水流歌一曲,1995-04-24,1995-04
蝶  舞 （中国画）,1995-04-24,1995-04
登开封龙亭揽胜,1995-04-24,1995-04
江泽民主席与卡布阿总统会谈,1995-04-25,1995-04
乡镇企业东西合作示范工程将启动,1995-04-25,1995-04
乡镇企业东西合作的新开端,1995-04-25,1995-04
北京地区天气预报,1995-04-25,1995-04
惜土如金,1995-04-25,1995-04
万隆纪念亚非会议四十周年李鹏致词祝贺纪念大会召开,1995-04-25,1995-04
颁发《中国人民解放军审计条例》,1995-04-25,1995-04
孔繁森被追认为全国先进工作者,1995-04-25,1995-04
“好军嫂”韩素云当上全国劳模,1995-04-25,1995-04
再造就业途径,1995-04-25,1995-04
全面推动工业企业技术进步,1995-04-25,1995-04
不能一裁了事,1995-04-25,1995-04
莒县出现百家家庭农技站,1995-04-25,1995-04
国际服装服饰博览会开幕,1995-04-25,1995-04
事业单位将进行产权登记,1995-04-25,1995-04
铁马牌重型汽车首批出口泰国,1995-04-25,1995-04
牡丹江国有资产在运营中增值,1995-04-25,1995-04
全国空调器市场调查结果揭晓,1995-04-25,1995-04
平板荧光显示屏生产线在绍兴开通,1995-04-25,1995-04
全国企业家活动日在南宁举行,1995-04-25,1995-04
湖南查处农资乱涨价问题,1995-04-25,1995-04
国际水稻会议在京举行,1995-04-25,1995-04
领导干部要带头廉洁自律,1995-04-25,1995-04
医德医风常抓雷锋精神长驻,1995-04-25,1995-04
空军４６６医院党委重视医德教育,1995-04-25,1995-04
贯彻实施劳动法,1995-04-25,1995-04
张家港考察干部看『两手』,1995-04-25,1995-04
干警奋勇斗歹徒群众挥泪送英雄,1995-04-25,1995-04
“感谢人大的有效监督”,1995-04-25,1995-04
《民族画报》纪念创刊４０周年,1995-04-25,1995-04
外事简讯,1995-04-25,1995-04
李鹏朱鎔基分别会见香港客人,1995-04-25,1995-04
城里人下乡显身手,1995-04-25,1995-04
国务院任免一批国家工作人员,1995-04-25,1995-04
我国卫星数字广播开播,1995-04-25,1995-04
李鹏会见瑞士联邦委员兼外长,1995-04-25,1995-04
乔石会见巴西民主工党主席,1995-04-25,1995-04
乔石朱鎔基分别会见圣保罗市市长,1995-04-25,1995-04
纪念党的“七大”召开５０周年,1995-04-25,1995-04
上海玩具公司跨洋打官司,1995-04-25,1995-04
钱其琛会见泰国客人,1995-04-25,1995-04
钱其琛同瑞士外长举行会谈,1995-04-25,1995-04
预委会社会及保安小组召开会议,1995-04-25,1995-04
杜长天同志逝世,1995-04-25,1995-04
希望香港公务员九七后继续留任,1995-04-25,1995-04
香港终审法院问题拖延责任在英方,1995-04-25,1995-04
鞍山钢院１７位“洋博士”回国展宏图,1995-04-25,1995-04
发挥『第一生产力』的强大推动作用,1995-04-25,1995-04
中国书道武道太学创办招生,1995-04-25,1995-04
我耐火砖创大型转炉新纪录,1995-04-25,1995-04
『广谱晚癌康』通过鉴定,1995-04-25,1995-04
艾思田治风湿有高招,1995-04-25,1995-04
“灾害医学与急救管理研讨会”举行,1995-04-25,1995-04
装点生活,1995-04-25,1995-04
现代生命多样性起源于寒武纪生命『大爆炸』,1995-04-25,1995-04
中药治疗股骨头坏死效果显,1995-04-25,1995-04
德加重判处一极右头领,1995-04-25,1995-04
法首轮总统选举揭晓,1995-04-25,1995-04
谁将入主爱丽舍宫,1995-04-25,1995-04
纪念亚非会议  弘扬万隆精神,1995-04-25,1995-04
克林顿要求加强反恐怖斗争,1995-04-25,1995-04
纪念两集中营解放五十周年,1995-04-25,1995-04
卢旺达难民营遭炮击数千胡图族难民丧生,1995-04-25,1995-04
中国同俄哈吉塔商谈边境裁军,1995-04-25,1995-04
村山会见齐怀远,1995-04-25,1995-04
孙起孟出席土议会庆典,1995-04-25,1995-04
各自提出缓和冲突承诺,1995-04-25,1995-04
冰岛组成新联合政府,1995-04-25,1995-04
乌干达与苏丹断交,1995-04-25,1995-04
朝庆祝人民军建军日,1995-04-25,1995-04
巴航雇员和乘客遭袭击,1995-04-25,1995-04
斯里兰卡加强首都安全措施,1995-04-25,1995-04
改革取得进展挑战依然严峻,1995-04-25,1995-04
工业国家增长超过预计亚洲持续发展充满活力,1995-04-25,1995-04
苦役劳工获自由,1995-04-25,1995-04
国外周未剪影,1995-04-25,1995-04
九十年代企业合并潮,1995-04-25,1995-04
美对华经济关系落伍,1995-04-25,1995-04
人民币市场汇价,1995-04-25,1995-04
阿拉伯妇女大会开幕,1995-04-25,1995-04
也中发展渔业合作,1995-04-25,1995-04
彩虹杯网球赛在京举行,1995-04-25,1995-04
全国女子柔道锦标赛鸣金,1995-04-25,1995-04
《运动·休闲》创刊两周年,1995-04-25,1995-04
河北台北象棋对抗赛结束,1995-04-25,1995-04
马晓春二比零领先,1995-04-25,1995-04
肖国红获第四名,1995-04-25,1995-04
中国人民银行决定发行第４３届世乒赛纪念币,1995-04-25,1995-04
世界竞走大赛日期临近北京赛场战前气氛渐浓,1995-04-25,1995-04
北京武术队赴美训练归来,1995-04-25,1995-04
世界冰球（Ａ组）锦标赛在瑞典开赛,1995-04-25,1995-04
全国女篮锦标赛辽宁、八一队连战连胜,1995-04-25,1995-04
爱国主义是中华民族的优良传统,1995-04-25,1995-04
现代企业制度的“代理问题”及其解决模式,1995-04-25,1995-04
加强人生观教育反对拜金主义,1995-04-25,1995-04
防止信用扩张  治理通货膨胀,1995-04-25,1995-04
圆梦［报告文学］,1995-04-25,1995-04
纪念抗日战争胜利５０周年,1995-04-25,1995-04
新疆走笔,1995-04-25,1995-04
子规啼血,1995-04-25,1995-04
广东分期分批抓村级组织建设,1995-04-25,1995-04
莫让『一俊』遮『百丑』,1995-04-25,1995-04
四川抽调８万余名机关干部下乡,1995-04-25,1995-04
新安五千党员学实用技术,1995-04-25,1995-04
多敲警钟,1995-04-25,1995-04
张家口给年轻干部压担子,1995-04-25,1995-04
『脱贫顾问』陆立成,1995-04-25,1995-04
塔甸煤矿围绕经济抓党建,1995-04-25,1995-04
泗洪党员带头学科技,1995-04-25,1995-04
瑞安城关镇支部建设有起色,1995-04-25,1995-04
国务院召开第３１次常务会议,1995-04-26,1995-04
我国教育软件界结成联盟,1995-04-26,1995-04
龙庆峡九五旅游活动展开,1995-04-26,1995-04
北京地区天气预报,1995-04-26,1995-04
抓党的建设要抓住要害,1995-04-26,1995-04
农民新的投入观,1995-04-26,1995-04
“赶着黄牛奔小康”,1995-04-26,1995-04
全国劳模和先进工作者表彰大会２９日在北京人民大会堂隆重召开,1995-04-26,1995-04
李鹏会见马绍尔总统卡布阿,1995-04-26,1995-04
乔石会见喀麦隆国民议会议长,1995-04-26,1995-04
全国农行存款创历史纪录,1995-04-26,1995-04
宁波农民到美国养鱼,1995-04-26,1995-04
孙言兵用奖金为农民赠订报纸,1995-04-26,1995-04
我国广告业持续发展,1995-04-26,1995-04
创造“健康”,1995-04-26,1995-04
机械行业评出十大杰出企业,1995-04-26,1995-04
三星集团在中国新添保险生力军,1995-04-26,1995-04
大连建设百座园林式村庄,1995-04-26,1995-04
沃特公司足球生产进农家,1995-04-26,1995-04
永泰制药厂向缺碘地区赠药,1995-04-26,1995-04
关于粮食问题的对话,1995-04-26,1995-04
五年帮助八百万人再就业,1995-04-26,1995-04
坚持政府行为兼顾市场导向,1995-04-26,1995-04
陕西建行储蓄大幅增长,1995-04-26,1995-04
新郑人行加强金融监管,1995-04-26,1995-04
万山服装厂注重售后服务,1995-04-26,1995-04
催交粮不如帮种田,1995-04-26,1995-04
农业部加强农业专项资金审计,1995-04-26,1995-04
单方违约应按劳动合同规定支付违约金（贯彻实施《劳动法》）,1995-04-26,1995-04
清正廉明好法官,1995-04-26,1995-04
涟水抓热点纠风治乱,1995-04-26,1995-04
离退休职工“人走茶不凉”,1995-04-26,1995-04
全国工商联七届四次常委会举行,1995-04-26,1995-04
劳模班的收获,1995-04-26,1995-04
前跳高运动员倪志钦因受贿被判刑,1995-04-26,1995-04
春风再度剑门关,1995-04-26,1995-04
第五次亚太海关总署署长会议在京召开,1995-04-26,1995-04
我国音像事业迅速发展盗版行为基本得到遏制,1995-04-26,1995-04
科学，不容迷信玷污,1995-04-26,1995-04
金融改革不会影响我国银行资产质量,1995-04-26,1995-04
聘请第四批港事顾问,1995-04-26,1995-04
张学良夫妇移居夏威夷将在那里安度晚年,1995-04-26,1995-04
千盒《童规》音像带捐赠希望工程,1995-04-26,1995-04
武汉市取缔算命“连锁店”,1995-04-26,1995-04
科蒂在京举行记者招待会,1995-04-26,1995-04
陈锦华等会见瑞士外长,1995-04-26,1995-04
万绍芬会见香港工商专联访京团,1995-04-26,1995-04
中丹农业部长分别接受记者采访,1995-04-26,1995-04
依法保护环境资源,1995-04-26,1995-04
『我们要和平』,1995-04-26,1995-04
进军北极点,1995-04-26,1995-04
架起世纪的金桥,1995-04-26,1995-04
中国听力医学发展基金会成立,1995-04-26,1995-04
“爱祖国爱和平”读书竞赛举行,1995-04-26,1995-04
深入开展学习孔繁森活动,1995-04-26,1995-04
《中国女教授》尽显女学者英姿,1995-04-26,1995-04
中加专家研讨资源与环境问题,1995-04-26,1995-04
蚁产业开发应有序,1995-04-26,1995-04
希望工程助学金上调,1995-04-26,1995-04
江苏巩固发展农村广播网,1995-04-26,1995-04
治疗脑性瘫痪有新法,1995-04-26,1995-04
大国使南联盟为难,1995-04-26,1995-04
决非字词之争,1995-04-26,1995-04
苏哈托会见张万年,1995-04-26,1995-04
加强国际合作  和平利用核能,1995-04-26,1995-04
国际社会谴责屠杀卢旺达难民,1995-04-26,1995-04
唐家璇会见印尼外长,1995-04-26,1995-04
日众院议长会见铁木尔·达瓦买提,1995-04-26,1995-04
俄支持延长核不扩散条约,1995-04-26,1995-04
美称北约将按计划东扩,1995-04-26,1995-04
特别警戒行动,1995-04-26,1995-04
意大利地方选举揭晓,1995-04-26,1995-04
伊议会正式拒绝安理会决议,1995-04-26,1995-04
土再次从伊部分撤军,1995-04-26,1995-04
加尔各答发生重大火灾,1995-04-26,1995-04
曼德拉：新南非一年来成就巨大,1995-04-26,1995-04
美加州发生邮包炸弹爆炸,1995-04-26,1995-04
荷兰有组织犯罪猖獗,1995-04-26,1995-04
以拘捕十四名巴激进分子,1995-04-26,1995-04
科威特救济伊拉克难民,1995-04-26,1995-04
稳定世界外汇市场,1995-04-26,1995-04
拉美第３３届住房大会在智利召开,1995-04-26,1995-04
罗加快区域合作步伐,1995-04-26,1995-04
德警护送核废料,1995-04-26,1995-04
“▲”的由来  （注：▲表示ＤＯＬＬＡＲ）,1995-04-26,1995-04
西方七国拟制订应急计划,1995-04-26,1995-04
法要求美制止美元下跌,1995-04-26,1995-04
日本农民抗议携核废料英轮入港,1995-04-26,1995-04
约以将联合开发约旦河谷,1995-04-26,1995-04
俄成为亚太经社会成员,1995-04-26,1995-04
世界旅游收入猛增,1995-04-26,1995-04
人民币市场汇价,1995-04-26,1995-04
萨拉热窝战地菜园,1995-04-26,1995-04
荷将恢复入境检查,1995-04-26,1995-04
简  讯,1995-04-26,1995-04
楚河汉界吹东风,1995-04-26,1995-04
谁来帮帮体操,1995-04-26,1995-04
北京举行乒乓球公开赛,1995-04-26,1995-04
铁道部十六局二处增加体育投入,1995-04-26,1995-04
海河两岸迎盛会天津兴起乒乓热,1995-04-26,1995-04
中华武术女子散打立擂大赛在京结束,1995-04-26,1995-04
我职业球员将在比赛中亮相,1995-04-26,1995-04
增强科技实力,1995-04-26,1995-04
坚持用户至上,1995-04-26,1995-04
提供优质服务,1995-04-26,1995-04
扶贫不能光靠一个『捐』字,1995-04-26,1995-04
党的优良传统不能丢,1995-04-26,1995-04
巩固上菱信誉,1995-04-26,1995-04
为消费者提供质量的服务,1995-04-26,1995-04
“方便”之处园林化,1995-04-26,1995-04
清理阎罗泥塑  管好烈士陵园（读者来信）,1995-04-26,1995-04
一室四个理室长,1995-04-26,1995-04
免费电话与收费厕所,1995-04-26,1995-04
六盘山上“挂链人”,1995-04-26,1995-04
“雷朋”防伪有术,1995-04-26,1995-04
编读往来,1995-04-26,1995-04
黑山“神牛”满街走,1995-04-26,1995-04
告别小周末,1995-04-26,1995-04
普通灯泡统检结果揭晓,1995-04-26,1995-04
业余时装队,1995-04-26,1995-04
清退出租柜台,1995-04-26,1995-04
技术评估在宏观投资决策上的重要作用,1995-04-26,1995-04
《搞好国有企业的有益探索》评介,1995-04-26,1995-04
日本『泡沫经济』的评价和借鉴,1995-04-26,1995-04
哲学研究的新趋势,1995-04-26,1995-04
应加强敌后抗日根据地的研究儒学是一个文化体系,1995-04-26,1995-04
名票名角同台演名戏,1995-04-26,1995-04
连续剧《蝴蝶兰》开镜,1995-04-26,1995-04
在和平的银幕上  塑造士兵的辉煌,1995-04-26,1995-04
人民公仆  廉政模范,1995-04-26,1995-04
电视系列片《二战风云》制作完成,1995-04-26,1995-04
６０集连续剧《东周列国》开机,1995-04-26,1995-04
匠心独运重演史事,1995-04-26,1995-04
第二届全国工业企业技术进步成就展开幕,1995-04-27,1995-04
康世恩同志遗体在京火化,1995-04-27,1995-04
政协八届第二十九次主席会议举行,1995-04-27,1995-04
北京全力以赴迎接全国劳模大会,1995-04-27,1995-04
北京地区天气预报,1995-04-27,1995-04
经济增长必须依靠技术进步,1995-04-27,1995-04
杭州二轻效益冠同行,1995-04-27,1995-04
中国工会走过了七十年光辉历程,1995-04-27,1995-04
安居工程不能建成简易住宅,1995-04-27,1995-04
北京重建梅兰芳京剧团,1995-04-27,1995-04
浙江春耕粮挂化肥到位,1995-04-27,1995-04
我中标巴基斯坦引水隧洞工程,1995-04-27,1995-04
建筑劳务成为河南支柱产业,1995-04-27,1995-04
中挪合办石油政策研讨班,1995-04-27,1995-04
林业部启动富山计划,1995-04-27,1995-04
人人有户头,1995-04-27,1995-04
铝箔奇葩,1995-04-27,1995-04
坚持不懈抓好民工有序流动,1995-04-27,1995-04
重庆建成最大农副产品批发市场,1995-04-27,1995-04
沟帮子车务段安全生产１３００天,1995-04-27,1995-04
通县兴办２２家农字号“三资”企业,1995-04-27,1995-04
永康市农行突出支农主题,1995-04-27,1995-04
詹天佑基金第二次颁奖,1995-04-27,1995-04
学会让资产增值,1995-04-27,1995-04
国家已下拨经费支援各地抗旱,1995-04-27,1995-04
吴仁宝进京当『推销员』,1995-04-27,1995-04
国家对沿海防护林带实行特别保护,1995-04-27,1995-04
广东台山电厂隧道竣工,1995-04-27,1995-04
康世恩同志生平,1995-04-27,1995-04
成功的秘诀,1995-04-27,1995-04
千辛万苦无怨言,1995-04-27,1995-04
新野县用乡土教材进行爱国主义教育,1995-04-27,1995-04
朱伯权：煤矿就是自己的家,1995-04-27,1995-04
山西朔州纪念抗日女英雄李林,1995-04-27,1995-04
外事简讯,1995-04-27,1995-04
计算机“幽灵”病毒有了克星,1995-04-27,1995-04
希望电视工作者增强责任感和使命感,1995-04-27,1995-04
周怀民从艺７０周年回顾展举行,1995-04-27,1995-04
天歌之夜文艺晚会将在京举办,1995-04-27,1995-04
追  春,1995-04-27,1995-04
情系灾区,1995-04-27,1995-04
新聘港事顾问表示要为香港平稳过渡尽力,1995-04-27,1995-04
李岚清接受芬兰记者采访,1995-04-27,1995-04
“康居杯”住宅装修装饰作品邀请赛开始,1995-04-27,1995-04
经济特区发展国际研讨会召开,1995-04-27,1995-04
安达信公司将设北京办事处,1995-04-27,1995-04
中日开展卡片制作业合作,1995-04-27,1995-04
集世界传统医学之精华,1995-04-27,1995-04
第二次转移的新契机,1995-04-27,1995-04
“土专家”办果技“私塾”,1995-04-27,1995-04
《中国传统文化读本》首发式举行,1995-04-27,1995-04
海南环境状况保持良好,1995-04-27,1995-04
四通利方实现多平台跨越,1995-04-27,1995-04
国家科委表彰为种子作“嫁衣”的功臣,1995-04-27,1995-04
马国民阵线在大选中获胜,1995-04-27,1995-04
国阵为何保持不败,1995-04-27,1995-04
意隆重纪念二战解放日,1995-04-27,1995-04
俄总理宣布成立竞选组织,1995-04-27,1995-04
意地方选举爆冷门,1995-04-27,1995-04
朝对美建议作出反应,1995-04-27,1995-04
黎巴嫩真主党袭击以哨所,1995-04-27,1995-04
墨西哥：恰州和谈命运多舛,1995-04-27,1995-04
韩购进Ｐ—３Ｃ对潜预警飞机,1995-04-27,1995-04
中美洲国家军费开支增加,1995-04-27,1995-04
美俄外长将再次举行会谈,1995-04-27,1995-04
哈ＳＳ—１８核弹头全部运抵俄,1995-04-27,1995-04
波外长说波不久可加入北约,1995-04-27,1995-04
卡特表示没必要再赴波黑调解,1995-04-27,1995-04
卢难民被迫返乡,1995-04-27,1995-04
巴以开始新一轮谈判,1995-04-27,1995-04
爱尔兰将邀北爱各政党会谈,1995-04-27,1995-04
克议会决定６月举行全民公决,1995-04-27,1995-04
听听童心的呼唤,1995-04-27,1995-04
西方七国集团财长举行会议,1995-04-27,1995-04
智利举办中国商品展卖活动,1995-04-27,1995-04
西方应增加官方发展援助,1995-04-27,1995-04
国际货币体系亟待改革,1995-04-27,1995-04
从电视明星到罪犯,1995-04-27,1995-04
伊俄签署合作协议,1995-04-27,1995-04
乌将关闭切尔诺贝利核电站,1995-04-27,1995-04
人民币市场汇价,1995-04-27,1995-04
多哥总统会见我经贸代表团,1995-04-27,1995-04
欧盟通过明年预算草案,1995-04-27,1995-04
虽称合作  但无措施,1995-04-27,1995-04
为解决人居问题  我代表促国际合作,1995-04-27,1995-04
世界杯竞走赛第一军团———俄罗斯队有备而来,1995-04-27,1995-04
国际田联主席内比奥罗抵京,1995-04-27,1995-04
南方日报举行世乒赛知识有奖竞猜活动,1995-04-27,1995-04
中央党校举办９５春季运动会,1995-04-27,1995-04
北京国际职业台球赛即将打响,1995-04-27,1995-04
亚洲铁人三项系列赛将在冀举行,1995-04-27,1995-04
企业慰问中国乒乓球女队,1995-04-27,1995-04
中国女选手大有可为,1995-04-27,1995-04
徐寅生著《我与乒乓球》面世,1995-04-27,1995-04
邓小平效率与公平思想初探,1995-04-27,1995-04
沙漠红柳,1995-04-27,1995-04
故乡的云（画）,1995-04-27,1995-04
王家峪八路军总部旧址一角,1995-04-27,1995-04
书  法（美术）,1995-04-27,1995-04
日本来的贺年片,1995-04-27,1995-04
门外谈『主持』,1995-04-27,1995-04
山魂乐舞景颇人,1995-04-27,1995-04
“善国者莫大于劝学”,1995-04-27,1995-04
妙点心灵,1995-04-27,1995-04
欢快的巴斯克节,1995-04-27,1995-04
“完善人品同完善作品一样重要”,1995-04-27,1995-04
青春，在车厢里闪光,1995-04-27,1995-04
走向田野,1995-04-27,1995-04
潢川『打工仔』回乡办实业,1995-04-27,1995-04
文艺简讯（十二版）,1995-04-27,1995-04
观音兰,1995-04-27,1995-04
落日正圆,1995-04-27,1995-04
大校，横笔立马,1995-04-27,1995-04
刻在大地上的辙印,1995-04-27,1995-04
粮  食,1995-04-27,1995-04
敦煌春韵（版画）,1995-04-27,1995-04
矿长赋,1995-04-27,1995-04
代  价,1995-04-27,1995-04
阳春三月（中国画）,1995-04-27,1995-04
中共中央办公厅全国人大常委会办公厅  国务院办公厅全国政协办公厅  中央军委办公厅公告,1995-04-28,1995-04
国务院部署抗灾保春播夺丰收,1995-04-28,1995-04
北京地区天气预报,1995-04-28,1995-04
造福江南的壮举,1995-04-28,1995-04
劳模，欢迎你们！,1995-04-28,1995-04
刘华清会见美国客人,1995-04-28,1995-04
全国人大常委会举行委员长会议,1995-04-28,1995-04
湖南落实防汛措施抓得紧,1995-04-28,1995-04
各级财政部门增加农业投入,1995-04-28,1995-04
陕西九百万人饮水得解决,1995-04-28,1995-04
中共中央任命尉健行为中共北京市委书记,1995-04-28,1995-04
一汽建成最大轻型车基地,1995-04-28,1995-04
河南交通业竞争实力增强,1995-04-28,1995-04
承包合同为啥要变？,1995-04-28,1995-04
天津农业发展银行正式成立,1995-04-28,1995-04
黄麦岭公司坚持化肥不涨价,1995-04-28,1995-04
工商银行信贷向连锁商业倾斜,1995-04-28,1995-04
十堰建行全力助『东风』,1995-04-28,1995-04
先进制造技术发展战略研讨会召开,1995-04-28,1995-04
顺义对粮食作物统筹保险,1995-04-28,1995-04
天歌现象研讨会在京举行,1995-04-28,1995-04
宁晋县食用菌研究会助农致富,1995-04-28,1995-04
大马哈鱼苗放流绥芬河,1995-04-28,1995-04
重点加强农资及安全产品质量,1995-04-28,1995-04
银企一家,1995-04-28,1995-04
农家肥走俏黑龙江,1995-04-28,1995-04
泛太平洋贸易中心北京联络处成立,1995-04-28,1995-04
孔繁森同志日记摘抄,1995-04-28,1995-04
鹤惊九天,1995-04-28,1995-04
长沙法院注重法官素质培养,1995-04-28,1995-04
通县卜落垡向村民发放『帐目清单』,1995-04-28,1995-04
万国权会见台湾青商总会访问团,1995-04-28,1995-04
外交部发言人答记者问,1995-04-28,1995-04
外经贸部发言人发表谈话,1995-04-28,1995-04
身为领导干部索取收受贿赂,1995-04-28,1995-04
领导干部廉洁自律工作要狠抓落实,1995-04-28,1995-04
三总部举行孔繁森事迹报告会,1995-04-28,1995-04
中纪委监察部作了廉洁自律具体规定,1995-04-28,1995-04
不能“靠什么，吃什么”,1995-04-28,1995-04
抓紧抓好培养选拔党外干部工作,1995-04-28,1995-04
发挥科技作用  促进经济发展,1995-04-28,1995-04
培英职高毕业生深受社会欢迎,1995-04-28,1995-04
乌蒙山的大喜事,1995-04-28,1995-04
外籍人员子女学校管理有章可循,1995-04-28,1995-04
首届特价图书联展将举行,1995-04-28,1995-04
《中国青年发展报告》面世,1995-04-28,1995-04
石油大学工商管理学院成立,1995-04-28,1995-04
高效轻型农药喷雾机问世,1995-04-28,1995-04
新南非第一年,1995-04-28,1995-04
一语惊四邻,1995-04-28,1995-04
巴以新一轮选举谈判未果,1995-04-28,1995-04
克林顿提出新反恐怖计划,1995-04-28,1995-04
吴仪在爱尔兰访问时强调中国复关立场不变,1995-04-28,1995-04
叙以恢复华盛顿和谈,1995-04-28,1995-04
乌克兰组阁步履艰难,1995-04-28,1995-04
俄总理反对贬低斯大林对二战贡献,1995-04-28,1995-04
世行向俄提供４笔贷款,1995-04-28,1995-04
美元对日元汇价有较大幅度回升,1995-04-28,1995-04
叶利钦下令在车臣停火十天,1995-04-28,1995-04
塔利班占领信丹德地区战略据点,1995-04-28,1995-04
克罗地亚和黑山领土争端谈判有进展,1995-04-28,1995-04
波黑塞族不承认海牙国际法庭,1995-04-28,1995-04
成立拉美国家共同体,1995-04-28,1995-04
多伊奇主张改组美中情局,1995-04-28,1995-04
让更多孩子读书,1995-04-28,1995-04
“这是黎巴嫩的捐款！”,1995-04-28,1995-04
武井与丰宁小学,1995-04-28,1995-04
意义重大  作用非凡,1995-04-28,1995-04
为了中国的未来,1995-04-28,1995-04
『小姐留点面子呵』,1995-04-28,1995-04
常玉斌又夺两金,1995-04-28,1995-04
古城潮涌,1995-04-28,1995-04
青岛大连广州获团体总分前三名,1995-04-28,1995-04
聂卫平胜马晓春,1995-04-28,1995-04
全国竞走锦标赛今日鸣枪,1995-04-28,1995-04
“亮棒”将为世乒赛添彩,1995-04-28,1995-04
全国皮划艇冠军赛结束,1995-04-28,1995-04
小事难忘怀,1995-04-28,1995-04
父女也应是朋友（朋友信箱）,1995-04-28,1995-04
因为我姓公,1995-04-28,1995-04
理解源于了解,1995-04-28,1995-04
好心为何“没好报”,1995-04-28,1995-04
农业大县为何完不成定购任务,1995-04-28,1995-04
洞市的变迁,1995-04-28,1995-04
派强将蹲『贫点』,1995-04-28,1995-04
玉米秸上长蘑菇,1995-04-28,1995-04
巴山发现特大云芝,1995-04-28,1995-04
桦木林里喝桦液,1995-04-28,1995-04
农民需要新型地膜（来信）,1995-04-28,1995-04
兽医奇缺（来信）,1995-04-28,1995-04
救救牲畜（来信）,1995-04-28,1995-04
宁夏：低收入减少高收入增加,1995-04-28,1995-04
水产增产增效技术,1995-04-28,1995-04
福建：农民收入增速快,1995-04-28,1995-04
京郊：收入大幅增长,1995-04-28,1995-04
广西：小康道路艰巨,1995-04-28,1995-04
骁勇无畏  一代英豪,1995-04-28,1995-04
江泽民等会见第四批港事顾问,1995-04-29,1995-04
今日中国的脊梁（社论）,1995-04-29,1995-04
江泽民会见美国客人,1995-04-29,1995-04
３３个劳模代表团全部抵京,1995-04-29,1995-04
李鹏宴请新聘港事顾问,1995-04-29,1995-04
孔繁森事迹报告生动感人,1995-04-29,1995-04
李鹏会见喀麦隆客人,1995-04-29,1995-04
李鹏会见日本客人,1995-04-29,1995-04
英政府必须尊重现实,1995-04-29,1995-04
以实际行动学习孔繁森,1995-04-29,1995-04
北京地区天气预报,1995-04-29,1995-04
一季度我国金融运行平稳,1995-04-29,1995-04
建设出海“大通道”,1995-04-29,1995-04
稳定承包体制  强化合同管理,1995-04-29,1995-04
莱州建成超级商场设施生产基地,1995-04-29,1995-04
首条铁氧体软磁磁芯生产线投产,1995-04-29,1995-04
天安门地铁施工创新纪录,1995-04-29,1995-04
加快改善农业生产条件步伐,1995-04-29,1995-04
三十五个大中城市房改方案制定,1995-04-29,1995-04
由探索阶段转向规范化建设,1995-04-29,1995-04
企业有两个“上帝”,1995-04-29,1995-04
邯郸工行推出一体化柜台,1995-04-29,1995-04
技监局妇联联合抽查妇女用品质量,1995-04-29,1995-04
石首市减少农资经营环节,1995-04-29,1995-04
慈溪汽车标牌厂赢得大市场,1995-04-29,1995-04
郯城发展特色农业,1995-04-29,1995-04
鞍山千山风景区迎游客,1995-04-29,1995-04
福州推出全自动面粉包装机,1995-04-29,1995-04
’９５北京台商投资洽谈会取得成果,1995-04-29,1995-04
震动大连的见义勇为群体,1995-04-29,1995-04
共青团“服务万村行动”启动,1995-04-29,1995-04
高检聘请１９位特约检察员,1995-04-29,1995-04
新余轻工局深化党风廉政教育,1995-04-29,1995-04
集贸市场党的建设座谈会召开,1995-04-29,1995-04
赣榆土地部门重廉政正行风,1995-04-29,1995-04
中国监察学会召开常务理事会,1995-04-29,1995-04
任爱军获『承德市荣誉市民』称号,1995-04-29,1995-04
通辽铁路分局开展『双连心』活动,1995-04-29,1995-04
武铁乘警大队严打刑事犯罪,1995-04-29,1995-04
雪山雄鹰,1995-04-29,1995-04
香港黄周旋先生捐资和平统一基金,1995-04-29,1995-04
第四批港事顾问聘书颁发仪式在京举行,1995-04-29,1995-04
天津街头新『报林』,1995-04-29,1995-04
一批反映“二战”图书引起公众关注,1995-04-29,1995-04
全国性图书质量大检查开始,1995-04-29,1995-04
畅言促进香港平稳过渡,1995-04-29,1995-04
世界反法西斯战争胜利五十周年征文在独联体听众中反响热烈,1995-04-29,1995-04
海协负责人发表谈话,1995-04-29,1995-04
新工时呼唤休闲运动,1995-04-29,1995-04
非政府组织妇女论坛总召集人考察怀柔场址,1995-04-29,1995-04
钱其琛李岚清分别会见美国前国务卿,1995-04-29,1995-04
瑞士议会、老挝国会代表团将访华,1995-04-29,1995-04
’９５世界妇女电影周６月在京举办,1995-04-29,1995-04
外事简讯,1995-04-29,1995-04
北京举行中印友谊奖设立十周年庆祝活动,1995-04-29,1995-04
全国报纸头条消息大赛揭晓,1995-04-29,1995-04
《改革开放大潮中的中国工人阶级》出版,1995-04-29,1995-04
中国国际青年服装设计大赛排定名次,1995-04-29,1995-04
《儒学与现代化》出版座谈会举行,1995-04-29,1995-04
胡楚南优秀大学生奖学金设立,1995-04-29,1995-04
叩开北极“科学之门”,1995-04-29,1995-04
焦尚财发明“神奇照像术”,1995-04-29,1995-04
农村妇女从计划生育中得到实惠,1995-04-29,1995-04
话剧《张鸣岐》在京公演,1995-04-29,1995-04
东方人的贡献,1995-04-29,1995-04
朝：美勿施压日勿参与  美：希望重开高级会谈  韩：南北对话不可缺少,1995-04-29,1995-04
就首脑会晤问题美俄总统电话交谈,1995-04-29,1995-04
与会政要强调防止历史重演,1995-04-29,1995-04
加强地区与双边合作,1995-04-29,1995-04
土耳其议长会见孙起孟,1995-04-29,1995-04
爱尔兰总理会见吴仪,1995-04-29,1995-04
毛里塔尼亚总统会见李成仁,1995-04-29,1995-04
停火延长  前景难测,1995-04-29,1995-04
奥地利正式加入『申根协定』,1995-04-29,1995-04
俄指责美使问题复杂化,1995-04-29,1995-04
援巴特委会会议在法举行,1995-04-29,1995-04
摩欧渔业谈判未达成协议,1995-04-29,1995-04
世行向越南提供一亿美元贷款,1995-04-29,1995-04
道—琼斯指数再创新纪录,1995-04-29,1995-04
华沙禁止在公共场所饮酒,1995-04-29,1995-04
美日将重开汽车贸易谈判,1995-04-29,1995-04
韩国发生煤气爆炸,1995-04-29,1995-04
卢同意国际社会调查难民营惨案,1995-04-29,1995-04
神圣之地,1995-04-29,1995-04
米尔巴特,1995-04-29,1995-04
冷战后,1995-04-29,1995-04
做客  蒙古包,1995-04-29,1995-04
新式『失业者』（漫画）,1995-04-29,1995-04
水下分娩,1995-04-29,1995-04
世乒赛日程表,1995-04-29,1995-04
各路劲旅抵津最后练兵,1995-04-29,1995-04
裁判来自六大洲,1995-04-29,1995-04
乒坛节日的联想,1995-04-29,1995-04
志在必胜,1995-04-29,1995-04
把有利变为有效,1995-04-29,1995-04
夺冠需过重重关,1995-04-29,1995-04
小球大赛头绪多,1995-04-29,1995-04
处在十字路口,1995-04-29,1995-04
电脑画像：按图索骥擒案犯,1995-04-29,1995-04
春天的书讯,1995-04-29,1995-04
『三清』的学问,1995-04-29,1995-04
傅企武和彭泽鲫鱼,1995-04-29,1995-04
省长出国谈出国,1995-04-29,1995-04
金石为之而开,1995-04-29,1995-04
艺事常新九秩翁,1995-04-29,1995-04
流水不腐,1995-04-29,1995-04
鸡鸣春晓 （中国画）,1995-04-29,1995-04
追慕古人得高曲别出新意成一家（书 法）,1995-04-29,1995-04
心灵的歌,1995-04-29,1995-04
严济慈：一门九教授  两代十英才,1995-04-29,1995-04
哪种『营养』更好,1995-04-29,1995-04
文科教育的新尝试,1995-04-29,1995-04
空调热与家庭用电,1995-04-29,1995-04
国家将统一管理燃气热水器生产,1995-04-29,1995-04
抗生素之后的活菌时代,1995-04-29,1995-04
《银行法》给老百姓带来什么,1995-04-29,1995-04
特快专递在我国,1995-04-29,1995-04
气死孔夫子（漫画）,1995-04-29,1995-04
走出社会保障的认识误区,1995-04-29,1995-04
全国舞蹈比赛在即,1995-04-29,1995-04
赣南推出教育片《红土圣地》,1995-04-29,1995-04
琴韵致远,1995-04-29,1995-04
真丝牛仔：服饰新风尚,1995-04-29,1995-04
中国儿艺进军音乐剧,1995-04-29,1995-04
潘婕说：“我有许多梦……”,1995-04-29,1995-04
投宿饭店,1995-04-29,1995-04
杭州越剧院进京演出,1995-04-29,1995-04
中央电视台有新栏目《书坛画苑》即将开播,1995-04-29,1995-04
与天公比高,1995-04-29,1995-04
史蒂文森和休斯敦芭蕾舞团,1995-04-29,1995-04
全国企业音乐舞蹈调演举行,1995-04-29,1995-04
艺术需要经纪人,1995-04-29,1995-04
认真贯彻党中央关于北京市工作指示精神把首都改革开放现代化建设继续推向前进,1995-04-30,1995-04
庆祝『五一』表彰全国劳模和先进工作者,1995-04-30,1995-04
北京地区天气预报,1995-04-30,1995-04
江泽民同志的讲话 （一九九五年四月二十九日）,1995-04-30,1995-04
江泽民等会见孔繁森亲属和报告团成员,1995-04-30,1995-04
弘扬劳动模范的崇高思想  为改革发展稳定再立新功,1995-04-30,1995-04
珍贵的镜头,1995-04-30,1995-04
全国劳动模范和先进工作者倡议书,1995-04-30,1995-04
庆祝“五一”节暨全总成立７０周年,1995-04-30,1995-04
西藏邦达机场通航,1995-04-30,1995-04
加强对房改的理论研究,1995-04-30,1995-04
中英联合联络小组举行专家会议,1995-04-30,1995-04
庆祝『五一』国际劳动节,1995-04-30,1995-04
厉有为继续任中共深圳市委书记,1995-04-30,1995-04
国务院关于表彰全国劳动模范和先进工作者的决定（一九九五年四月二十九日）,1995-04-30,1995-04
俄美接近解决北约扩展问题,1995-04-30,1995-04
日本发表外交蓝皮书,1995-04-30,1995-04
车臣武装拒绝停火,1995-04-30,1995-04
不合时宜的决定,1995-04-30,1995-04
实施２１世纪议程忧大于喜,1995-04-30,1995-04
斯里兰卡和平进程搁浅,1995-04-30,1995-04
南非第一个“自由日”,1995-04-30,1995-04
世行向我提供贷款,1995-04-30,1995-04
五国联络小组开会,1995-04-30,1995-04
安理会减少驻克维和人员,1995-04-30,1995-04
猛虎组织击落政府军飞机,1995-04-30,1995-04
塞逮捕百余名反政府分子,1995-04-30,1995-04
纽约股市再创纪录美元汇价继续上升,1995-04-30,1995-04
中国队包揽三项冠军,1995-04-30,1995-04
平步上青云,1995-04-30,1995-04
内比奥洛向李铁映授勋,1995-04-30,1995-04
江苏紧锣密鼓筹办全国城运会,1995-04-30,1995-04
第四十三届世乒赛明日开幕,1995-04-30,1995-04
香港队称雄,1995-04-30,1995-04
世界青年足球赛阿根廷队夺冠,1995-04-30,1995-04
第三届中国国际保龄球公开赛将举行,1995-04-30,1995-04
中国小将开门见喜,1995-04-30,1995-04
全国劳动模范和先进工作者名单,1995-04-30,1995-04
全国劳动模范和先进工作者名单,1995-04-30,1995-04
全国劳动模范和先进工作者名单,1995-04-30,1995-04
全国劳动模范和先进工作者名单,1995-04-30,1995-04
